1290
-28.6333 -2.55223 87.8964 7.61551 1 0 0 0 1 0 0 0 1 0
7.39565 6.30033 51.8217 8.36224 1 0 0 0 1 0 0 0 1 0
10.3813 24.0922 83.5618 7.58739 1 0 0 0 1 0 0 0 1 0
17.1363 7.26103 41.6671 7.95226 1 0 0 0 1 0 0 0 1 0
-27.7843 19.2886 29.922 7.73488 1 0 0 0 1 0 0 0 1 0
0.459192 7.94575 4.82679 7.59629 1 0 0 0 1 0 0 0 1 0
-30.3581 5.65058 -40.3502 8.10634 1 0 0 0 1 0 0 0 1 0
2.72844 -20.839 -4.88681 7.70116 1 0 0 0 1 0 0 0 1 0
-8.70572 -30.0949 -64.791 7.87709 1 0 0 0 1 0 0 0 1 0
-0.973742 -24.9785 -15.8465 7.79603 1 0 0 0 1 0 0 0 1 0
1.7869 -4.58655 -19.6044 8.42083 1 0 0 0 1 0 0 0 1 0
2.17377 15.0247 18.183 7.51731 1 0 0 0 1 0 0 0 1 0
34.402 -14.9985 -60.9204 8.0154 1 0 0 0 1 0 0 0 1 0
11.0839 22.2226 15.1425 8.21285 1 0 0 0 1 0 0 0 1 0
-3.33469 21.6741 -56.6619 8.15102 1 0 0 0 1 0 0 0 1 0
19.7288 25.515 -57.2014 8.12677 1 0 0 0 1 0 0 0 1 0
-16.5286 -20.4777 -33.9013 7.62293 1 0 0 0 1 0 0 0 1 0
4.75936 3.03106 25.2977 7.60983 1 0 0 0 1 0 0 0 1 0
-11.5285 -9.87996 13.3494 7.6842 1 0 0 0 1 0 0 0 1 0
-15.587 -5.03033 55.2276 8.24645 1 0 0 0 1 0 0 0 1 0
-11.8576 14.9068 -6.49475 7.6814 1 0 0 0 1 0 0 0 1 0
-15.306 2.38692 23.0025 7.91899 1 0 0 0 1 0 0 0 1 0
-7.7917 -15.4784 -94.8809 8.29554 1 0 0 0 1 0 0 0 1 0
-33.5359 3.44291 54.6675 8.17714 1 0 0 0 1 0 0 0 1 0
29.9932 -10.4795 -4.0269 7.60135 1 0 0 0 1 0 0 0 1 0
-4.60016 -6.75821 -53.5838 8.07207 1 0 0 0 1 0 0 0 1 0
-16.2249 4.96427 20.3777 7.93255 1 0 0 0 1 0 0 0 1 0
15.8356 2.11825 30.2414 7.55796 1 0 0 0 1 0 0 0 1 0
-4.3586 6.19819 45.0084 7.58166 1 0 0 0 1 0 0 0 1 0
-26.4461 21.8792 11.7323 7.73609 1 0 0 0 1 0 0 0 1 0
28.5004 -6.49573 -20.0606 7.95184 1 0 0 0 1 0 0 0 1 0
-7.60628 -3.59583 -80.4631 7.6601 1 0 0 0 1 0 0 0 1 0
-21.696 3.81961 50.386 8.08927 1 0 0 0 1 0 0 0 1 0
28.3245 -20.5582 47.8689 8.22028 1 0 0 0 1 0 0 0 1 0
-25.7755 -10.7251 -83.7574 7.56759 1 0 0 0 1 0 0 0 1 0
1.88597 -2.35817 38.3998 7.58026 1 0 0 0 1 0 0 0 1 0
8.41266 0.593545 53.6452 8.29803 1 0 0 0 1 0 0 0 1 0
-2.03777 5.73457 41.3716 8.4493 1 0 0 0 1 0 0 0 1 0
-9.63495 -18.2262 34.9761 8.00326 1 0 0 0 1 0 0 0 1 0
13.4641 2.65533 -11.3679 7.66925 1 0 0 0 1 0 0 0 1 0
13.9954 29.8432 91.7031 7.7225 1 0 0 0 1 0 0 0 1 0
-10.9399 4.03266 89.6952 7.95562 1 0 0 0 1 0 0 0 1 0
11.6832 -8.77399 -40.4341 7.7258 1 0 0 0 1 0 0 0 1 0
-0.382989 -8.3359 -6.6617 8.36942 1 0 0 0 1 0 0 0 1 0
12.5844 10.3535 26.5625 7.82493 1 0 0 0 1 0 0 0 1 0
16.4274 -26.1088 80.5209 8.22506 1 0 0 0 1 0 0 0 1 0
37.4068 1.97636 -23.1466 8.05325 1 0 0 0 1 0 0 0 1 0
4.2795 -7.37766 -55.4964 7.74681 1 0 0 0 1 0 0 0 1 0
0.516258 15.5345 5.75658 7.61035 1 0 0 0 1 0 0 0 1 0
-31.1768 -2.6125 85.1383 8.21017 1 0 0 0 1 0 0 0 1 0
-8.89445 4.17283 87.2384 7.76933 1 0 0 0 1 0 0 0 1 0
13.2874 -12.1431 2.54148 7.57075 1 0 0 0 1 0 0 0 1 0
10.96 12.7306 -56.9896 7.91935 1 0 0 0 1 0 0 0 1 0
18.2741 6.20325 93.2141 8.13613 1 0 0 0 1 0 0 0 1 0
-8.70406 -32.2189 75.3218 8.03181 1 0 0 0 1 0 0 0 1 0
8.68892 16.8619 -30.3161 8.26328 1 0 0 0 1 0 0 0 1 0
18.2401 -6.48794 8.87395 8.02076 1 0 0 0 1 0 0 0 1 0
26.0968 8.30174 2.81763 8.32877 1 0 0 0 1 0 0 0 1 0
7.2825 -19.2633 74.6077 8.03275 1 0 0 0 1 0 0 0 1 0
23.595 -2.2348 36.1793 8.20713 1 0 0 0 1 0 0 0 1 0
-8.76047 -0.953071 -58.0339 8.02924 1 0 0 0 1 0 0 0 1 0
5.31129 29.1109 -37.8192 8.12569 1 0 0 0 1 0 0 0 1 0
-4.4152 33.0475 -19.147 8.09971 1 0 0 0 1 0 0 0 1 0
28.9023 -10.143 53.3371 7.6342 1 0 0 0 1 0 0 0 1 0
19.0182 -11.0133 6.02822 8.09374 1 0 0 0 1 0 0 0 1 0
-15.327 -13.1253 -78.0035 8.13526 1 0 0 0 1 0 0 0 1 0
-2.64175 -13.7481 53.6804 7.9722 1 0 0 0 1 0 0 0 1 0
14.3983 31.9088 -84.548 7.78503 1 0 0 0 1 0 0 0 1 0
5.79881 -4.37418 -68.0054 8.33168 1 0 0 0 1 0 0 0 1 0
8.65091 0.0428636 -83.8642 8.14021 1 0 0 0 1 0 0 0 1 0
-4.04249 -12.7893 -86.9491 7.8869 1 0 0 0 1 0 0 0 1 0
-7.34448 -0.0589441 -4.478 8.22068 1 0 0 0 1 0 0 0 1 0
6.73088 -0.244665 57.0024 7.94301 1 0 0 0 1 0 0 0 1 0
36.5597 2.82869 -87.5173 7.97094 1 0 0 0 1 0 0 0 1 0
-6.51734 11.4886 56.278 8.31667 1 0 0 0 1 0 0 0 1 0
20.0196 3.58101 31.2575 8.27125 1 0 0 0 1 0 0 0 1 0
-2.73509 -31.794 29.0495 8.06425 1 0 0 0 1 0 0 0 1 0
-32.1159 4.78303 60.6504 7.54485 1 0 0 0 1 0 0 0 1 0
-11.6102 -17.8759 -52.3016 8.00181 1 0 0 0 1 0 0 0 1 0
8.29316 -34.4236 -51.0226 8.15329 1 0 0 0 1 0 0 0 1 0
4.40179 2.55723 32.2689 8.16255 1 0 0 0 1 0 0 0 1 0
-20.2116 1.33599 -45.273 8.07099 1 0 0 0 1 0 0 0 1 0
-9.79563 -4.50255 -9.08042 8.05591 1 0 0 0 1 0 0 0 1 0
19.7477 5.07084 45.0559 7.78358 1 0 0 0 1 0 0 0 1 0
1.71989 16.2821 48.0891 8.31988 1 0 0 0 1 0 0 0 1 0
1.60603 -4.58304 -52.9739 8.11597 1 0 0 0 1 0 0 0 1 0
-12.8682 -23.176 -67.8626 8.30591 1 0 0 0 1 0 0 0 1 0
16.494 7.91151 55.6908 8.23554 1 0 0 0 1 0 0 0 1 0
24.5367 -23.0124 75.4754 8.11663 1 0 0 0 1 0 0 0 1 0
9.6071 13.5622 -33.8368 7.59939 1 0 0 0 1 0 0 0 1 0
14.9921 3.5662 -7.18853 7.76268 1 0 0 0 1 0 0 0 1 0
-7.31604 6.84998 -70.5534 8.04962 1 0 0 0 1 0 0 0 1 0
-1.54537 5.1072 -59.4426 8.40549 1 0 0 0 1 0 0 0 1 0
7.72619 2.58583 -50.471 8.10197 1 0 0 0 1 0 0 0 1 0
-20.1131 6.49212 -53.9091 7.78001 1 0 0 0 1 0 0 0 1 0
12.1273 12.733 -74.98 8.2594 1 0 0 0 1 0 0 0 1 0
-7.97793 17.5435 -45.6805 8.37417 1 0 0 0 1 0 0 0 1 0
18.7894 -28.9581 -76.9864 8.33653 1 0 0 0 1 0 0 0 1 0
24.991 5.20616 52.5977 7.7341 1 0 0 0 1 0 0 0 1 0
-6.86661 -9.33849 7.1078 7.78626 1 0 0 0 1 0 0 0 1 0
-30.4977 -3.62224 -93.694 8.3701 1 0 0 0 1 0 0 0 1 0
-33.2429 -12.9569 -92.366 8.43877 1 0 0 0 1 0 0 0 1 0
1.62839 5.2927 -1.02575 7.78606 1 0 0 0 1 0 0 0 1 0
8.01416 12.0395 90.1084 7.94989 1 0 0 0 1 0 0 0 1 0
17.8707 -28.4355 -1.36843 8.20456 1 0 0 0 1 0 0 0 1 0
-0.424238 -18.5589 -48.7569 7.7665 1 0 0 0 1 0 0 0 1 0
8.97428 -27.0267 63.1045 8.16244 1 0 0 0 1 0 0 0 1 0
6.91785 17.3916 -41.2964 8.15887 1 0 0 0 1 0 0 0 1 0
-15.9082 -3.30831 47.4339 7.84876 1 0 0 0 1 0 0 0 1 0
-2.22616 1.55209 -7.36419 7.71617 1 0 0 0 1 0 0 0 1 0
20.448 -13.8987 -12.5979 7.89539 1 0 0 0 1 0 0 0 1 0
1.32256 8.74491 -50.7298 7.60228 1 0 0 0 1 0 0 0 1 0
-7.4238 29.9196 41.7466 8.41974 1 0 0 0 1 0 0 0 1 0
-17.1711 7.13325 -76.5991 7.68783 1 0 0 0 1 0 0 0 1 0
-9.03694 7.79465 -90.1242 7.90331 1 0 0 0 1 0 0 0 1 0
-2.53976 6.07582 5.592 7.83372 1 0 0 0 1 0 0 0 1 0
-1.15639 -4.15884 59.5363 7.72906 1 0 0 0 1 0 0 0 1 0
-11.679 -6.53432 43.7038 8.39541 1 0 0 0 1 0 0 0 1 0
0.636082 -34.1866 -17.8331 7.67397 1 0 0 0 1 0 0 0 1 0
24.1275 16.8922 63.9169 8.2327 1 0 0 0 1 0 0 0 1 0
35.9934 7.32984 59.0301 7.61442 1 0 0 0 1 0 0 0 1 0
12.5167 16.4472 -31.4893 8.31391 1 0 0 0 1 0 0 0 1 0
-22.3196 -12.6899 14.9535 8.18307 1 0 0 0 1 0 0 0 1 0
-11.1768 -34.1462 -64.0323 8.30182 1 0 0 0 1 0 0 0 1 0
-7.46143 -36.6978 16.4788 7.84385 1 0 0 0 1 0 0 0 1 0
4.92591 -3.70245 -5.33634 8.2081 1 0 0 0 1 0 0 0 1 0
21.0164 -15.0097 -4.72144 8.06837 1 0 0 0 1 0 0 0 1 0
-9.08438 0.0881407 -4.3329 8.43792 1 0 0 0 1 0 0 0 1 0
7.62469 0.365034 -30.9742 8.35481 1 0 0 0 1 0 0 0 1 0
-18.7011 20.5136 45.8785 7.66265 1 0 0 0 1 0 0 0 1 0
14.0496 -24.1098 -20.8819 7.98636 1 0 0 0 1 0 0 0 1 0
-15.8555 -19.486 30.3219 7.70271 1 0 0 0 1 0 0 0 1 0
-26.2922 13.974 81.8913 7.71867 1 0 0 0 1 0 0 0 1 0
-19.3248 -9.2318 -0.285455 7.97441 1 0 0 0 1 0 0 0 1 0
16.4664 27.6828 45.8289 7.64919 1 0 0 0 1 0 0 0 1 0
2.0576 4.92705 -28.1754 7.68812 1 0 0 0 1 0 0 0 1 0
16.1038 -0.340005 -66.8874 7.71706 1 0 0 0 1 0 0 0 1 0
4.42522 -28.318 -16.679 8.07138 1 0 0 0 1 0 0 0 1 0
6.1604 -15.4332 -84.0517 8.35067 1 0 0 0 1 0 0 0 1 0
26.3418 19.3914 -68.5114 7.7399 1 0 0 0 1 0 0 0 1 0
5.1088 -21.4994 92.928 7.57105 1 0 0 0 1 0 0 0 1 0
-0.856616 12.4119 87.429 7.88624 1 0 0 0 1 0 0 0 1 0
1.98511 -9.16981 -90.1964 8.27059 1 0 0 0 1 0 0 0 1 0
15.6624 -16.2796 47.2901 7.94856 1 0 0 0 1 0 0 0 1 0
-23.6528 -16.9025 -32.8389 7.91555 1 0 0 0 1 0 0 0 1 0
20.8612 20.376 -74.3755 7.82064 1 0 0 0 1 0 0 0 1 0
17.2928 3.16917 -80.8106 7.50162 1 0 0 0 1 0 0 0 1 0
5.44673 29.3677 80.6567 7.73663 1 0 0 0 1 0 0 0 1 0
-14.3242 -4.63887 24.7188 8.2601 1 0 0 0 1 0 0 0 1 0
17.9608 0.864908 12.2371 7.9075 1 0 0 0 1 0 0 0 1 0
30.8318 12.7152 -75.4994 8.40048 1 0 0 0 1 0 0 0 1 0
-8.84598 -6.85748 -1.47911 8.49187 1 0 0 0 1 0 0 0 1 0
14.6254 -2.83138 44.6788 7.81233 1 0 0 0 1 0 0 0 1 0
8.4598 3.93468 22.8794 7.55428 1 0 0 0 1 0 0 0 1 0
-23.5214 10.3305 -41.4544 8.19786 1 0 0 0 1 0 0 0 1 0
4.82374 -8.36588 -66.1149 8.23092 1 0 0 0 1 0 0 0 1 0
-21.9535 0.786958 -0.147198 7.73042 1 0 0 0 1 0 0 0 1 0
-1.67648 -11.438 92.2061 8.32177 1 0 0 0 1 0 0 0 1 0
-24.456 2.91152 -78.0386 7.91727 1 0 0 0 1 0 0 0 1 0
-0.13586 11.632 86.2404 7.89658 1 0 0 0 1 0 0 0 1 0
-0.158126 8.20839 75.6004 7.93691 1 0 0 0 1 0 0 0 1 0
21.9598 -8.19957 -30.1598 7.74218 1 0 0 0 1 0 0 0 1 0
7.67846 22.7483 10.4228 7.78825 1 0 0 0 1 0 0 0 1 0
-10.968 23.5675 -43.8021 7.68814 1 0 0 0 1 0 0 0 1 0
-18.9758 4.27438 55.9936 8.07584 1 0 0 0 1 0 0 0 1 0
23.7399 -21.3307 26.3376 8.27482 1 0 0 0 1 0 0 0 1 0
2.6149 10.8815 57.7591 8.3251 1 0 0 0 1 0 0 0 1 0
5.67524 23.8202 20.7126 7.55343 1 0 0 0 1 0 0 0 1 0
22.2846 22.9806 49.9088 7.75683 1 0 0 0 1 0 0 0 1 0
27.6903 21.7341 40.0381 8.16295 1 0 0 0 1 0 0 0 1 0
-12.1303 -12.6903 7.84338 7.89084 1 0 0 0 1 0 0 0 1 0
-6.07595 -1.81732 75.0607 7.90819 1 0 0 0 1 0 0 0 1 0
-21.0058 19.7201 59.3783 8.26492 1 0 0 0 1 0 0 0 1 0
-20.5119 -21.6957 -49.7968 8.32648 1 0 0 0 1 0 0 0 1 0
2.60889 -6.496 -18.6284 7.76406 1 0 0 0 1 0 0 0 1 0
-12.1852 -11.9123 -72.4068 8.25255 1 0 0 0 1 0 0 0 1 0
-27.0313 -8.45203 30.0111 8.31868 1 0 0 0 1 0 0 0 1 0
-2.17171 5.46113 71.1346 8.34741 1 0 0 0 1 0 0 0 1 0
-1.15845 13.5596 51.1708 7.91327 1 0 0 0 1 0 0 0 1 0
11.9265 -22.6254 40.0715 8.15669 1 0 0 0 1 0 0 0 1 0
11.0487 33.4231 32.5831 8.13372 1 0 0 0 1 0 0 0 1 0
1.18152 2.70475 59.2922 7.87065 1 0 0 0 1 0 0 0 1 0
9.41932 -8.43948 -7.44535 8.17662 1 0 0 0 1 0 0 0 1 0
-17.4106 5.54866 52.2745 7.89349 1 0 0 0 1 0 0 0 1 0
-1.91496 6.84329 33.0735 7.77494 1 0 0 0 1 0 0 0 1 0
8.40032 0.471185 -16.6686 8.49404 1 0 0 0 1 0 0 0 1 0
-11.664 3.75117 25.2795 7.61543 1 0 0 0 1 0 0 0 1 0
-15.1441 24.6123 11.8902 8.20276 1 0 0 0 1 0 0 0 1 0
-11.2702 3.40134 78.8541 8.15428 1 0 0 0 1 0 0 0 1 0
-3.16199 29.865 17.3929 7.6598 1 0 0 0 1 0 0 0 1 0
13.1431 -9.36157 -18.7982 8.26608 1 0 0 0 1 0 0 0 1 0
-0.245578 21.8838 -92.1338 7.51815 1 0 0 0 1 0 0 0 1 0
-13.235 13.6144 -72.555 8.1913 1 0 0 0 1 0 0 0 1 0
5.08387 -2.1605 41.2343 7.52998 1 0 0 0 1 0 0 0 1 0
4.88856 10.0115 16.0874 7.59172 1 0 0 0 1 0 0 0 1 0
22.9362 -16.1043 -59.4689 8.21167 1 0 0 0 1 0 0 0 1 0
11.7808 15.1326 -43.0117 8.18324 1 0 0 0 1 0 0 0 1 0
-12.4596 5.42161 79.778 8.2507 1 0 0 0 1 0 0 0 1 0
7.08997 4.98502 -21.3565 7.69782 1 0 0 0 1 0 0 0 1 0
-5.75195 -3.35714 24.0673 8.27342 1 0 0 0 1 0 0 0 1 0
1.11889 6.87444 -87.8331 7.71901 1 0 0 0 1 0 0 0 1 0
-9.04154 -15.7395 31.0659 8.34973 1 0 0 0 1 0 0 0 1 0
-2.18657 -15.3896 88.9377 8.26635 1 0 0 0 1 0 0 0 1 0
33.6256 -10.3025 -75.9556 8.2508 1 0 0 0 1 0 0 0 1 0
3.0291 -18.4776 -8.58741 7.58842 1 0 0 0 1 0 0 0 1 0
18.9793 21.7259 69.7476 8.27916 1 0 0 0 1 0 0 0 1 0
15.8644 15.4732 86.2268 8.21881 1 0 0 0 1 0 0 0 1 0
-17.5769 -26.7331 74.9036 7.62445 1 0 0 0 1 0 0 0 1 0
10.4695 -17.4218 39.1817 8.08193 1 0 0 0 1 0 0 0 1 0
-17.2729 -30.1273 38.7469 7.67588 1 0 0 0 1 0 0 0 1 0
-27.0665 -1.98828 -39.2144 7.92633 1 0 0 0 1 0 0 0 1 0
2.58843 1.53637 -86.6938 7.52992 1 0 0 0 1 0 0 0 1 0
16.3875 17.2641 -39.451 7.73831 1 0 0 0 1 0 0 0 1 0
30.4051 -1.91972 -73.5705 7.55814 1 0 0 0 1 0 0 0 1 0
35.3856 9.48492 -7.00399 7.70182 1 0 0 0 1 0 0 0 1 0
7.83921 29.8996 93.3399 7.6452 1 0 0 0 1 0 0 0 1 0
11.3702 -7.02892 11.8286 8.36379 1 0 0 0 1 0 0 0 1 0
6.23755 5.06457 -2.48529 7.9809 1 0 0 0 1 0 0 0 1 0
2.63251 2.83753 -80.985 7.9312 1 0 0 0 1 0 0 0 1 0
17.2461 -33.837 -19.9196 7.69418 1 0 0 0 1 0 0 0 1 0
-19.4823 0.869161 -37.5074 7.96959 1 0 0 0 1 0 0 0 1 0
4.65302 -6.99574 39.7646 8.32646 1 0 0 0 1 0 0 0 1 0
13.479 -12.2306 55.4416 7.99292 1 0 0 0 1 0 0 0 1 0
-15.8037 2.20134 -65.2189 7.79147 1 0 0 0 1 0 0 0 1 0
-19.4612 -18.4885 15.9361 8.31782 1 0 0 0 1 0 0 0 1 0
-8.4227 21.7693 82.3627 8.38148 1 0 0 0 1 0 0 0 1 0
0.968079 4.17117 57.1558 7.81582 1 0 0 0 1 0 0 0 1 0
18.2431 -24.3845 -10.8672 8.44298 1 0 0 0 1 0 0 0 1 0
26.6377 -22.6431 -25.2812 7.55415 1 0 0 0 1 0 0 0 1 0
-25.0816 7.52425 -91.5577 7.5898 1 0 0 0 1 0 0 0 1 0
4.26276 1.83641 78.7851 8.26273 1 0 0 0 1 0 0 0 1 0
-29.1571 -22.1951 28.094 7.79419 1 0 0 0 1 0 0 0 1 0
0.45797 -3.83538 -68.644 8.04564 1 0 0 0 1 0 0 0 1 0
29.9555 17.576 52.4044 8.26334 1 0 0 0 1 0 0 0 1 0
3.84725 29.7607 86.9837 8.44811 1 0 0 0 1 0 0 0 1 0
33.0624 10.3487 5.60994 8.05649 1 0 0 0 1 0 0 0 1 0
-8.80627 -10.6046 22.4677 7.83222 1 0 0 0 1 0 0 0 1 0
1.76757 -27.5217 80.1601 8.10463 1 0 0 0 1 0 0 0 1 0
-8.07676 13.0007 30.6525 7.82624 1 0 0 0 1 0 0 0 1 0
13.3385 18.8716 18.8279 8.21688 1 0 0 0 1 0 0 0 1 0
-0.342752 2.64127 17.8312 7.57049 1 0 0 0 1 0 0 0 1 0
21.7582 -10.3005 -30.3124 7.76059 1 0 0 0 1 0 0 0 1 0
-15.6212 -20.2823 40.0221 8.31598 1 0 0 0 1 0 0 0 1 0
16.6246 -7.19736 7.42044 7.62001 1 0 0 0 1 0 0 0 1 0
-1.94709 -8.88005 20.3061 7.78051 1 0 0 0 1 0 0 0 1 0
-27.4627 19.3298 6.96176 8.05277 1 0 0 0 1 0 0 0 1 0
21.622 12.2297 -88.1936 8.17446 1 0 0 0 1 0 0 0 1 0
-6.82732 10.3632 -45.1831 8.25969 1 0 0 0 1 0 0 0 1 0
3.62204 11.3312 -42.2164 7.58848 1 0 0 0 1 0 0 0 1 0
-22.9635 6.89467 -75.41 8.15265 1 0 0 0 1 0 0 0 1 0
3.7975 11.4485 64.9629 8.0745 1 0 0 0 1 0 0 0 1 0
16.6958 1.60016 12.2456 8.00425 1 0 0 0 1 0 0 0 1 0
-0.695961 36.1326 -66.5338 8.11116 1 0 0 0 1 0 0 0 1 0
-30.4957 8.62974 76.0615 7.99471 1 0 0 0 1 0 0 0 1 0
-10.4871 23.6507 -66.3687 8.43322 1 0 0 0 1 0 0 0 1 0
-12.9036 -26.2982 12.3838 8.19638 1 0 0 0 1 0 0 0 1 0
-16.6247 12.4668 6.98552 8.34384 1 0 0 0 1 0 0 0 1 0
-24.5139 -19.3959 -0.814729 8.35229 1 0 0 0 1 0 0 0 1 0
-31.6479 7.11105 88.2921 7.72427 1 0 0 0 1 0 0 0 1 0
15.6412 -32.1979 43.6149 8.12082 1 0 0 0 1 0 0 0 1 0
-34.6291 -11.28 59.3616 7.54159 1 0 0 0 1 0 0 0 1 0
1.30051 18.567 -47.9729 8.15581 1 0 0 0 1 0 0 0 1 0
-13.2098 2.82327 -73.5888 8.03293 1 0 0 0 1 0 0 0 1 0
12.7732 -32.6074 10.4821 7.56958 1 0 0 0 1 0 0 0 1 0
-11.4172 27.0942 25.0614 7.6198 1 0 0 0 1 0 0 0 1 0
-29.7695 -10.0545 47.6856 8.43841 1 0 0 0 1 0 0 0 1 0
-9.09052 7.17689 80.6849 8.35072 1 0 0 0 1 0 0 0 1 0
11.6618 -34.9708 -2.57471 7.65543 1 0 0 0 1 0 0 0 1 0
3.32736 4.96999 -31.8322 7.90951 1 0 0 0 1 0 0 0 1 0
-15.2665 -4.50418 47.2722 7.53668 1 0 0 0 1 0 0 0 1 0
9.3253 5.52063 -75.7438 7.85365 1 0 0 0 1 0 0 0 1 0
32.8403 -8.46969 -14.5118 7.79877 1 0 0 0 1 0 0 0 1 0
-31.2077 3.62037 21.176 8.21378 1 0 0 0 1 0 0 0 1 0
12.7073 -29.0118 -67.9687 8.29576 1 0 0 0 1 0 0 0 1 0
0.563795 -12.1127 34.5361 8.35852 1 0 0 0 1 0 0 0 1 0
18.3073 1.48224 -51.0427 8.22321 1 0 0 0 1 0 0 0 1 0
3.85857 -7.3055 -24.5514 8.43103 1 0 0 0 1 0 0 0 1 0
-6.16523 -22.3137 90.5028 7.61165 1 0 0 0 1 0 0 0 1 0
-34.7977 -7.60869 -24.06 8.06082 1 0 0 0 1 0 0 0 1 0
3.52629 16.5814 26.4758 8.23433 1 0 0 0 1 0 0 0 1 0
-20.591 -13.1207 -64.5118 7.96536 1 0 0 0 1 0 0 0 1 0
2.7422 -16.0528 7.67291 8.33969 1 0 0 0 1 0 0 0 1 0
1.03149 -4.00817 75.3323 7.7254 1 0 0 0 1 0 0 0 1 0
15.8541 15.8367 -63.2247 8.44315 1 0 0 0 1 0 0 0 1 0
24.2333 26.8491 35.2125 8.40811 1 0 0 0 1 0 0 0 1 0
5.57556 8.50829 63.2315 8.23991 1 0 0 0 1 0 0 0 1 0
13.6601 16.4243 -25.7292 7.68776 1 0 0 0 1 0 0 0 1 0
-1.25848 -2.3185 91.0516 8.21288 1 0 0 0 1 0 0 0 1 0
29.4975 -10.7422 6.16617 7.65432 1 0 0 0 1 0 0 0 1 0
-8.72718 10.5438 -62.4825 8.14344 1 0 0 0 1 0 0 0 1 0
8.92069 3.48858 29.5508 7.56894 1 0 0 0 1 0 0 0 1 0
-3.21538 30.1055 72.102 7.94296 1 0 0 0 1 0 0 0 1 0
-9.27612 3.45614 23.5098 7.64008 1 0 0 0 1 0 0 0 1 0
7.65069 31.3687 -10.0738 7.65079 1 0 0 0 1 0 0 0 1 0
23.5416 27.6179 26.8842 7.95364 1 0 0 0 1 0 0 0 1 0
-8.08799 32.3067 24.3537 7.63415 1 0 0 0 1 0 0 0 1 0
1.19871 -5.48857 27.7525 8.10607 1 0 0 0 1 0 0 0 1 0
-3.08881 6.89925 9.30639 7.58334 1 0 0 0 1 0 0 0 1 0
-4.55875 5.80942 55.485 7.79693 1 0 0 0 1 0 0 0 1 0
-9.70235 36.3018 -15.674 8.35648 1 0 0 0 1 0 0 0 1 0
5.42993 6.07927 -61.9501 8.43296 1 0 0 0 1 0 0 0 1 0
10.4118 33.3062 40.8358 7.7929 1 0 0 0 1 0 0 0 1 0
-31.9969 18.9868 -26.6142 8.06363 1 0 0 0 1 0 0 0 1 0
-15.7017 -6.14836 79.3805 8.40642 1 0 0 0 1 0 0 0 1 0
-10.4166 -0.290068 -18.9497 7.7861 1 0 0 0 1 0 0 0 1 0
-2.28362 -0.0457165 -81.4865 8.2612 1 0 0 0 1 0 0 0 1 0
17.6874 -23.3777 -94.9735 8.17431 1 0 0 0 1 0 0 0 1 0
26.1244 15.4322 19.4817 8.18421 1 0 0 0 1 0 0 0 1 0
13.7779 24.6046 70.2428 8.43165 1 0 0 0 1 0 0 0 1 0
-5.29247 -7.04364 40.4895 8.48747 1 0 0 0 1 0 0 0 1 0
18.3096 6.64625 68.5541 7.82377 1 0 0 0 1 0 0 0 1 0
16.9576 -5.86575 11.0113 7.5122 1 0 0 0 1 0 0 0 1 0
-11.2307 -20.9326 50.8998 7.69304 1 0 0 0 1 0 0 0 1 0
13.8541 22.9004 56.9649 7.79048 1 0 0 0 1 0 0 0 1 0
3.25317 -4.58132 -64.9735 8.04719 1 0 0 0 1 0 0 0 1 0
4.30191 10.1738 62.6633 7.87609 1 0 0 0 1 0 0 0 1 0
9.49602 -21.1871 -3.27337 7.63587 1 0 0 0 1 0 0 0 1 0
-13.102 13.4323 -43.487 8.40108 1 0 0 0 1 0 0 0 1 0
-21.2299 7.51147 21.424 7.70139 1 0 0 0 1 0 0 0 1 0
-4.43423 -4.80396 48.5476 8.1582 1 0 0 0 1 0 0 0 1 0
-11.659 16.2828 -94.6649 8.09692 1 0 0 0 1 0 0 0 1 0
25.4355 4.48165 -86.1628 7.90645 1 0 0 0 1 0 0 0 1 0
7.65138 -9.09552 23.6974 8.02694 1 0 0 0 1 0 0 0 1 0
0.258638 -2.89722 71.7937 7.96539 1 0 0 0 1 0 0 0 1 0
-17.6896 6.42045 14.7549 8.00751 1 0 0 0 1 0 0 0 1 0
3.0552 8.88843 -72.7023 8.07343 1 0 0 0 1 0 0 0 1 0
10.604 -10.6272 65.6657 7.60595 1 0 0 0 1 0 0 0 1 0
6.31641 -16.9322 -29.444 8.34991 1 0 0 0 1 0 0 0 1 0
-5.56382 -30.7557 1.14499 8.09537 1 0 0 0 1 0 0 0 1 0
-19.1954 2.91839 -88.2221 7.51447 1 0 0 0 1 0 0 0 1 0
22.0156 12.0016 52.2624 7.7691 1 0 0 0 1 0 0 0 1 0
19.1526 1.8132 21.1666 7.66031 1 0 0 0 1 0 0 0 1 0
-0.448481 -19.1661 -87.3828 8.39203 1 0 0 0 1 0 0 0 1 0
-33.1303 18.0654 49.9468 7.74842 1 0 0 0 1 0 0 0 1 0
-14.1138 -19.914 -6.62232 7.62834 1 0 0 0 1 0 0 0 1 0
6.60248 -13.5644 77.4033 8.26941 1 0 0 0 1 0 0 0 1 0
2.9977 27.9924 -73.8047 8.12923 1 0 0 0 1 0 0 0 1 0
15.907 22.0103 -16.2629 7.82545 1 0 0 0 1 0 0 0 1 0
1.09961 16.4107 -68.802 8.0716 1 0 0 0 1 0 0 0 1 0
3.43634 20.8921 -48.4756 7.71218 1 0 0 0 1 0 0 0 1 0
7.71025 -21.6974 -24.5824 8.15869 1 0 0 0 1 0 0 0 1 0
31.5965 -4.94194 42.9856 8.13932 1 0 0 0 1 0 0 0 1 0
-27.8073 -22.7914 -15.278 7.54115 1 0 0 0 1 0 0 0 1 0
-5.68853 -16.578 67.5255 8.02416 1 0 0 0 1 0 0 0 1 0
5.32172 7.51132 -82.8093 7.77687 1 0 0 0 1 0 0 0 1 0
-10.5609 23.9223 27.0626 7.8041 1 0 0 0 1 0 0 0 1 0
1.35945 5.1351 -9.96947 8.45964 1 0 0 0 1 0 0 0 1 0
-17.8073 -16.8592 79.8568 8.27041 1 0 0 0 1 0 0 0 1 0
-20.1251 -14.5989 2.03545 8.35073 1 0 0 0 1 0 0 0 1 0
2.15272 -1.33704 -57.0034 8.07765 1 0 0 0 1 0 0 0 1 0
4.08889 -4.14619 -14.9231 8.32911 1 0 0 0 1 0 0 0 1 0
12.9977 -31.0179 89.7515 7.90167 1 0 0 0 1 0 0 0 1 0
-9.00623 31.3723 -77.0449 8.42478 1 0 0 0 1 0 0 0 1 0
-11.3891 -5.6251 38.0262 8.20688 1 0 0 0 1 0 0 0 1 0
-22.8963 0.453079 -9.06834 8.32409 1 0 0 0 1 0 0 0 1 0
27.7728 2.52038 5.52194 8.35466 1 0 0 0 1 0 0 0 1 0
-0.140019 -4.2735 87.6177 7.72025 1 0 0 0 1 0 0 0 1 0
23.944 -14.0841 41.4962 7.93197 1 0 0 0 1 0 0 0 1 0
-22.1861 -13.0041 25.2484 8.46462 1 0 0 0 1 0 0 0 1 0
4.14172 -1.05649 -22.5989 7.5795 1 0 0 0 1 0 0 0 1 0
-2.12013 2.74533 -85.5234 8.38783 1 0 0 0 1 0 0 0 1 0
-12.2266 -0.336998 -14.4149 8.33993 1 0 0 0 1 0 0 0 1 0
-35.9559 -10.752 41.909 8.41808 1 0 0 0 1 0 0 0 1 0
-6.71839 -7.30377 -24.8124 8.42242 1 0 0 0 1 0 0 0 1 0
22.4099 14.9431 30.8098 8.08703 1 0 0 0 1 0 0 0 1 0
3.11623 2.96057 26.4833 7.73803 1 0 0 0 1 0 0 0 1 0
-7.37176 -21.9705 -16.7399 7.67796 1 0 0 0 1 0 0 0 1 0
-14.2539 15.9547 -10.2661 8.18289 1 0 0 0 1 0 0 0 1 0
-6.02504 5.65802 -11.3678 8.00147 1 0 0 0 1 0 0 0 1 0
11.4911 -21.0332 40.7376 7.52658 1 0 0 0 1 0 0 0 1 0
22.3885 -1.10844 -78.4218 8.09651 1 0 0 0 1 0 0 0 1 0
-3.77175 4.82364 94.0987 8.2635 1 0 0 0 1 0 0 0 1 0
-8.17479 -5.7066 -59.1778 7.70341 1 0 0 0 1 0 0 0 1 0
10.2648 -25.6518 -65.0103 8.13854 1 0 0 0 1 0 0 0 1 0
-2.97248 4.71149 26.7909 8.00565 1 0 0 0 1 0 0 0 1 0
4.07263 -1.23604 73.6565 8.08771 1 0 0 0 1 0 0 0 1 0
-0.964096 2.04771 59.3039 8.39275 1 0 0 0 1 0 0 0 1 0
1.44201 -17.9284 -93.0528 7.83241 1 0 0 0 1 0 0 0 1 0
5.73035 -11.4897 -44.8648 8.48745 1 0 0 0 1 0 0 0 1 0
-4.4283 3.74643 77.8111 8.34284 1 0 0 0 1 0 0 0 1 0
17.0347 14.251 1.51914 7.62835 1 0 0 0 1 0 0 0 1 0
12.3541 -14.3213 -4.99307 8.14824 1 0 0 0 1 0 0 0 1 0
-9.94454 25.0006 -76.0234 8.0077 1 0 0 0 1 0 0 0 1 0
1.0226 -14.1528 -54.0032 8.18889 1 0 0 0 1 0 0 0 1 0
2.39088 -1.96097 -58.7937 8.21615 1 0 0 0 1 0 0 0 1 0
13.9768 -10.6055 41.4294 7.84546 1 0 0 0 1 0 0 0 1 0
1.17092 -13.5384 22.3031 8.24744 1 0 0 0 1 0 0 0 1 0
-22.3898 -9.50706 -39.4533 7.57632 1 0 0 0 1 0 0 0 1 0
17.6123 -7.89126 34.4374 7.94272 1 0 0 0 1 0 0 0 1 0
-16.6711 -13.6273 33.5145 7.73036 1 0 0 0 1 0 0 0 1 0
1.43404 -31.1955 25.4125 7.7747 1 0 0 0 1 0 0 0 1 0
-3.61699 4.42899 39.8872 8.09478 1 0 0 0 1 0 0 0 1 0
-13.8764 -1.78228 25.5679 8.05765 1 0 0 0 1 0 0 0 1 0
30.0692 -13.7072 89.0708 8.11523 1 0 0 0 1 0 0 0 1 0
-25.6607 -1.25102 -61.7567 8.35359 1 0 0 0 1 0 0 0 1 0
-28.3446 1.76833 -91.4519 7.95267 1 0 0 0 1 0 0 0 1 0
-1.05962 -20.5603 -9.01333 7.76039 1 0 0 0 1 0 0 0 1 0
8.29646 6.94406 80.0318 7.50302 1 0 0 0 1 0 0 0 1 0
-34.8578 6.73594 45.3615 7.90894 1 0 0 0 1 0 0 0 1 0
28.1627 -1.27797 59.4331 8.28507 1 0 0 0 1 0 0 0 1 0
-26.4522 -8.5554 -79.6686 8.45909 1 0 0 0 1 0 0 0 1 0
-12.979 3.61515 54.9025 8.46926 1 0 0 0 1 0 0 0 1 0
-1.93933 -2.33048 -55.8587 7.96753 1 0 0 0 1 0 0 0 1 0
34.4598 15.6498 68.2619 7.85887 1 0 0 0 1 0 0 0 1 0
-11.17 26.0136 -47.4509 8.20348 1 0 0 0 1 0 0 0 1 0
-10.7022 27.9249 -65.6802 7.59645 1 0 0 0 1 0 0 0 1 0
23.3106 17.455 -43.4897 8.43054 1 0 0 0 1 0 0 0 1 0
-8.00495 -13.0222 58.8887 7.67844 1 0 0 0 1 0 0 0 1 0
6.39004 14.0435 67.1001 7.82057 1 0 0 0 1 0 0 0 1 0
3.94748 -1.98136 -49.3415 8.18703 1 0 0 0 1 0 0 0 1 0
-4.62142 -7.91571 -55.7366 8.30076 1 0 0 0 1 0 0 0 1 0
-1.77702 -10.3958 -80.6849 7.76133 1 0 0 0 1 0 0 0 1 0
14.0018 18.9597 -24.6613 8.44698 1 0 0 0 1 0 0 0 1 0
-2.58034 6.07559 -11.8282 8.04026 1 0 0 0 1 0 0 0 1 0
20.5088 -1.44578 -87.814 8.35873 1 0 0 0 1 0 0 0 1 0
-22.3228 -9.80838 4.42818 7.98888 1 0 0 0 1 0 0 0 1 0
-18.5008 -1.60805 15.4759 8.07371 1 0 0 0 1 0 0 0 1 0
2.61235 16.7363 -41.4337 8.40891 1 0 0 0 1 0 0 0 1 0
-5.92461 -16.2634 -16.9954 7.62817 1 0 0 0 1 0 0 0 1 0
25.8933 6.88823 -8.92888 7.90333 1 0 0 0 1 0 0 0 1 0
-29.7105 -20.4374 -66.5327 7.82172 1 0 0 0 1 0 0 0 1 0
14.4764 -26.5852 -69.8771 7.84934 1 0 0 0 1 0 0 0 1 0
22.3228 15.9428 -51.3869 8.42328 1 0 0 0 1 0 0 0 1 0
2.80874 21.2523 -20.9345 8.46038 1 0 0 0 1 0 0 0 1 0
-31.4065 -5.05622 43.911 7.51581 1 0 0 0 1 0 0 0 1 0
0.0829857 -32.7053 -30.1229 7.66665 1 0 0 0 1 0 0 0 1 0
-20.855 -1.16822 -24.7175 8.2049 1 0 0 0 1 0 0 0 1 0
18.8058 -18.0753 44.4218 8.33158 1 0 0 0 1 0 0 0 1 0
-12.3185 -28.3495 -91.8948 8.3003 1 0 0 0 1 0 0 0 1 0
1.52346 2.1345 -56.0493 7.76677 1 0 0 0 1 0 0 0 1 0
22.2995 -19.0806 -31.3601 7.82592 1 0 0 0 1 0 0 0 1 0
-4.31687 2.50044 34.8379 8.06121 1 0 0 0 1 0 0 0 1 0
1.36198 26.2292 53.6199 7.87972 1 0 0 0 1 0 0 0 1 0
9.37658 -27.9426 14.9427 8.46887 1 0 0 0 1 0 0 0 1 0
5.86477 -25.2495 -80.1588 7.85013 1 0 0 0 1 0 0 0 1 0
-0.366872 -4.00094 -14.7823 7.605 1 0 0 0 1 0 0 0 1 0
-22.0732 11.3558 16.4764 8.17786 1 0 0 0 1 0 0 0 1 0
26.6273 -20.4951 -64.4739 8.489 1 0 0 0 1 0 0 0 1 0
-6.13164 -20.9513 -94.1263 8.1518 1 0 0 0 1 0 0 0 1 0
-3.35286 6.15277 44.2213 7.81586 1 0 0 0 1 0 0 0 1 0
-11.0316 -6.22315 80.0222 8.20505 1 0 0 0 1 0 0 0 1 0
-12.4368 12.3438 94.0599 7.59371 1 0 0 0 1 0 0 0 1 0
15.0051 -5.63127 -48.1408 7.83597 1 0 0 0 1 0 0 0 1 0
-13.0831 16.5917 -60.2653 8.40478 1 0 0 0 1 0 0 0 1 0
-11.0737 -3.57035 70.2596 7.69279 1 0 0 0 1 0 0 0 1 0
13.5563 -8.18871 47.6388 8.38529 1 0 0 0 1 0 0 0 1 0
-36.9509 -2.52653 -43.4738 8.24942 1 0 0 0 1 0 0 0 1 0
8.97763 17.1617 71.1203 7.89299 1 0 0 0 1 0 0 0 1 0
9.15879 17.1407 -29.8685 8.27595 1 0 0 0 1 0 0 0 1 0
-15.471 11.9897 -34.7679 7.72095 1 0 0 0 1 0 0 0 1 0
27.9811 -19.0371 25.5108 8.42134 1 0 0 0 1 0 0 0 1 0
-0.840901 2.30848 45.3442 8.10397 1 0 0 0 1 0 0 0 1 0
-2.65637 -9.55766 -11.3015 7.9841 1 0 0 0 1 0 0 0 1 0
5.22628 -1.46515 -18.9991 8.18884 1 0 0 0 1 0 0 0 1 0
5.94634 4.99787 -40.0111 7.90373 1 0 0 0 1 0 0 0 1 0
17.6898 -3.70008 83.2208 7.81742 1 0 0 0 1 0 0 0 1 0
-9.79026 -1.74425 -29.1041 7.94539 1 0 0 0 1 0 0 0 1 0
-24.0699 -10.1074 74.8911 8.32632 1 0 0 0 1 0 0 0 1 0
5.78441 26.1525 65.182 7.87137 1 0 0 0 1 0 0 0 1 0
-1.20329 6.52635 60.4596 8.06748 1 0 0 0 1 0 0 0 1 0
-14.8003 15.8339 -31.1585 8.46967 1 0 0 0 1 0 0 0 1 0
2.59994 -0.441537 -33.3058 7.79933 1 0 0 0 1 0 0 0 1 0
-14.0437 26.0524 -92.8154 8.40328 1 0 0 0 1 0 0 0 1 0
-15.2055 8.39418 30.8386 8.16798 1 0 0 0 1 0 0 0 1 0
-9.03905 3.4768 83.3257 8.0151 1 0 0 0 1 0 0 0 1 0
-5.87969 -35.8255 -17.0049 8.43276 1 0 0 0 1 0 0 0 1 0
9.03596 -3.92323 41.5456 8.47998 1 0 0 0 1 0 0 0 1 0
12.4948 34.615 36.9434 7.95354 1 0 0 0 1 0 0 0 1 0
4.02662 11.4756 67.8314 8.15703 1 0 0 0 1 0 0 0 1 0
-28.4474 8.38978 8.87246 7.97481 1 0 0 0 1 0 0 0 1 0
-6.30751 28.6051 34.457 8.47767 1 0 0 0 1 0 0 0 1 0
28.7051 -1.20084 -41.2404 8.39042 1 0 0 0 1 0 0 0 1 0
-3.59604 10.5953 33.7306 8.14561 1 0 0 0 1 0 0 0 1 0
-27.5517 -0.806408 -80.9859 7.6639 1 0 0 0 1 0 0 0 1 0
0.685008 1.93004 34.2873 8.49082 1 0 0 0 1 0 0 0 1 0
13.4634 30.858 -49.1471 7.96494 1 0 0 0 1 0 0 0 1 0
-3.75081 -9.86922 -6.83022 7.52641 1 0 0 0 1 0 0 0 1 0
-4.89668 0.0573029 -54.8281 8.0702 1 0 0 0 1 0 0 0 1 0
-20.2709 10.7519 63.4227 8.35271 1 0 0 0 1 0 0 0 1 0
7.48537 -4.62208 -53.3994 8.4284 1 0 0 0 1 0 0 0 1 0
-5.67419 29.2501 -38.8322 7.68764 1 0 0 0 1 0 0 0 1 0
37.1129 3.52708 -4.82489 7.69008 1 0 0 0 1 0 0 0 1 0
-29.2299 -7.28654 44.2583 8.22703 1 0 0 0 1 0 0 0 1 0
-25.5014 21.5545 -55.2289 7.71222 1 0 0 0 1 0 0 0 1 0
7.46119 -5.5333 15.5872 8.1843 1 0 0 0 1 0 0 0 1 0
15.6527 6.77622 61.5695 7.79256 1 0 0 0 1 0 0 0 1 0
-18.3865 3.45349 49.1002 7.9581 1 0 0 0 1 0 0 0 1 0
25.3682 4.86196 23.2019 7.77631 1 0 0 0 1 0 0 0 1 0
19.5748 -12.7355 -54.6051 8.05201 1 0 0 0 1 0 0 0 1 0
2.60205 0.512939 -84.5169 7.6597 1 0 0 0 1 0 0 0 1 0
7.24633 -1.62993 -65.758 8.28215 1 0 0 0 1 0 0 0 1 0
3.03443 36.1956 -83.0344 7.58102 1 0 0 0 1 0 0 0 1 0
-23.4565 7.73343 -17.7304 8.38133 1 0 0 0 1 0 0 0 1 0
2.03593 0.540032 90.3861 7.98565 1 0 0 0 1 0 0 0 1 0
-0.805258 35.7115 -38.3702 8.11298 1 0 0 0 1 0 0 0 1 0
-3.56293 -24.1336 -77.7242 7.70439 1 0 0 0 1 0 0 0 1 0
-10.7046 7.9237 -32.0675 8.36166 1 0 0 0 1 0 0 0 1 0
-25.9252 25.6251 -10.2792 7.62199 1 0 0 0 1 0 0 0 1 0
23.2234 -20.1837 -43.7183 8.16337 1 0 0 0 1 0 0 0 1 0
8.24266 33.3107 -76.1177 8.44596 1 0 0 0 1 0 0 0 1 0
14.4347 23.4545 -28.4456 7.88034 1 0 0 0 1 0 0 0 1 0
17.8073 13.8954 69.8946 8.02886 1 0 0 0 1 0 0 0 1 0
2.7002 -2.33446 -43.9917 7.9824 1 0 0 0 1 0 0 0 1 0
-2.86966 -4.96861 -81.1486 7.73236 1 0 0 0 1 0 0 0 1 0
8.54494 -14.1263 22.8351 7.88973 1 0 0 0 1 0 0 0 1 0
2.58209 8.47365 91.0797 7.60435 1 0 0 0 1 0 0 0 1 0
-1.62689 5.80041 6.66728 7.55419 1 0 0 0 1 0 0 0 1 0
26.6377 -18.2263 35.4671 7.65618 1 0 0 0 1 0 0 0 1 0
33.5686 -7.18692 69.1204 8.00296 1 0 0 0 1 0 0 0 1 0
6.8115 -8.03388 -78.2621 7.57312 1 0 0 0 1 0 0 0 1 0
3.13115 3.45058 90.7513 7.93504 1 0 0 0 1 0 0 0 1 0
12.3781 -14.2942 5.17496 8.13534 1 0 0 0 1 0 0 0 1 0
-6.75803 5.55551 -82.4058 8.17742 1 0 0 0 1 0 0 0 1 0
7.96147 16.5615 -29.7988 7.62098 1 0 0 0 1 0 0 0 1 0
-5.09757 -1.07976 51.858 8.14483 1 0 0 0 1 0 0 0 1 0
-7.98078 -17.3811 59.7467 7.98399 1 0 0 0 1 0 0 0 1 0
0.688705 2.08288 -61.4974 7.96467 1 0 0 0 1 0 0 0 1 0
5.6627 11.3419 -51.6962 7.5368 1 0 0 0 1 0 0 0 1 0
6.56114 -22.1902 -67.6113 8.21352 1 0 0 0 1 0 0 0 1 0
-18.7249 -16.4948 40.7721 8.44743 1 0 0 0 1 0 0 0 1 0
-23.8528 7.70256 -27.1714 7.81358 1 0 0 0 1 0 0 0 1 0
11.0312 -3.17095 -64.8647 8.14789 1 0 0 0 1 0 0 0 1 0
9.61597 -22.8908 53.8847 7.61592 1 0 0 0 1 0 0 0 1 0
-5.54251 -8.78887 36.7863 7.99597 1 0 0 0 1 0 0 0 1 0
11.4135 18.3175 32.2188 8.40522 1 0 0 0 1 0 0 0 1 0
-10.5113 3.755 45.4165 8.25783 1 0 0 0 1 0 0 0 1 0
-27.1887 1.42643 52.9274 8.32958 1 0 0 0 1 0 0 0 1 0
-17.9658 -4.95138 25.5884 8.24046 1 0 0 0 1 0 0 0 1 0
14.8536 14.2932 76.8299 8.44701 1 0 0 0 1 0 0 0 1 0
11.4891 24.3159 -85.4134 7.56944 1 0 0 0 1 0 0 0 1 0
2.12479 8.24113 -41.3923 7.75774 1 0 0 0 1 0 0 0 1 0
1.65979 1.36409 87.4695 8.44653 1 0 0 0 1 0 0 0 1 0
-3.61468 -8.24362 -73.0836 7.98245 1 0 0 0 1 0 0 0 1 0
2.88148 1.20703 -50.4934 7.81579 1 0 0 0 1 0 0 0 1 0
-19.5325 15.0436 68.0768 8.32209 1 0 0 0 1 0 0 0 1 0
3.66336 18.1596 -33.2156 8.48839 1 0 0 0 1 0 0 0 1 0
12.17 -6.7912 -84.8903 7.6042 1 0 0 0 1 0 0 0 1 0
-20.4614 -9.93847 41.0658 7.6126 1 0 0 0 1 0 0 0 1 0
26.3496 5.62473 21.503 8.42691 1 0 0 0 1 0 0 0 1 0
5.84949 -1.94531 61.7727 7.93499 1 0 0 0 1 0 0 0 1 0
18.8484 17.784 -78.3762 7.79149 1 0 0 0 1 0 0 0 1 0
6.28902 2.47204 -70.6966 8.16249 1 0 0 0 1 0 0 0 1 0
8.47866 9.81262 87.4073 8.4608 1 0 0 0 1 0 0 0 1 0
18.1969 19.8647 82.1946 7.96851 1 0 0 0 1 0 0 0 1 0
8.32878 1.03229 31.8974 8.11199 1 0 0 0 1 0 0 0 1 0
-22.7509 -23.5651 -62.1276 8.26272 1 0 0 0 1 0 0 0 1 0
14.1121 -2.38503 70.7219 8.35559 1 0 0 0 1 0 0 0 1 0
-18.366 24.4369 -72.4671 7.58535 1 0 0 0 1 0 0 0 1 0
-1.0858 1.72617 -28.7571 8.179 1 0 0 0 1 0 0 0 1 0
-19.3513 -5.25139 -75.8596 7.6556 1 0 0 0 1 0 0 0 1 0
14.71 -26.3056 -9.99601 8.2008 1 0 0 0 1 0 0 0 1 0
-20.3204 -15.4015 -34.5909 7.90744 1 0 0 0 1 0 0 0 1 0
1.49974 -9.01601 -60.6663 8.08613 1 0 0 0 1 0 0 0 1 0
0.967664 6.43312 -88.3548 8.14112 1 0 0 0 1 0 0 0 1 0
-21.3658 2.42477 2.7455 7.65602 1 0 0 0 1 0 0 0 1 0
-14.6911 -3.87543 -11.685 8.32606 1 0 0 0 1 0 0 0 1 0
-0.434183 -5.14212 -56.3597 8.46384 1 0 0 0 1 0 0 0 1 0
-10.6731 12.8356 37.7857 7.56142 1 0 0 0 1 0 0 0 1 0
19.7846 26.0553 -21.3692 7.91303 1 0 0 0 1 0 0 0 1 0
-32.2837 -15.2512 -18.7203 7.96941 1 0 0 0 1 0 0 0 1 0
-4.4767 -9.31656 -50.249 8.28543 1 0 0 0 1 0 0 0 1 0
26.5267 -21.8733 -39.8078 8.49115 1 0 0 0 1 0 0 0 1 0
-11.6143 -20.7774 54.6679 8.49251 1 0 0 0 1 0 0 0 1 0
-4.35173 16.9493 -17.1344 7.92229 1 0 0 0 1 0 0 0 1 0
13.9873 8.54713 89.2574 7.52693 1 0 0 0 1 0 0 0 1 0
1.76521 -29.8914 88.5964 8.14171 1 0 0 0 1 0 0 0 1 0
29.8487 9.18463 70.7077 7.67885 1 0 0 0 1 0 0 0 1 0
-19.7376 20.9305 88.437 8.4006 1 0 0 0 1 0 0 0 1 0
2.86362 6.02399 92.6881 8.02327 1 0 0 0 1 0 0 0 1 0
13.1686 6.39657 20.5075 7.70996 1 0 0 0 1 0 0 0 1 0
-14.478 3.63232 28.1445 7.76415 1 0 0 0 1 0 0 0 1 0
20.3502 -0.175049 74.693 7.90305 1 0 0 0 1 0 0 0 1 0
4.95339 3.57975 -87.0806 7.64093 1 0 0 0 1 0 0 0 1 0
18.6698 16.8646 64.9778 7.89132 1 0 0 0 1 0 0 0 1 0
-26.2806 -11.0342 47.0024 7.91056 1 0 0 0 1 0 0 0 1 0
-2.14193 0.426498 -36.1779 7.95415 1 0 0 0 1 0 0 0 1 0
8.25138 31.2241 -54.9844 7.5162 1 0 0 0 1 0 0 0 1 0
27.7813 -3.27187 -82.9318 7.79357 1 0 0 0 1 0 0 0 1 0
-15.2774 -1.29298 66.3906 7.86529 1 0 0 0 1 0 0 0 1 0
-12.107 -9.58678 -50.9375 8.24775 1 0 0 0 1 0 0 0 1 0
-1.79146 0.979291 -55.9902 8.36632 1 0 0 0 1 0 0 0 1 0
5.83974 -15.9972 -87.624 8.19347 1 0 0 0 1 0 0 0 1 0
4.84166 -9.12243 -13.5316 7.69412 1 0 0 0 1 0 0 0 1 0
28.3788 16.3517 44.1885 7.96389 1 0 0 0 1 0 0 0 1 0
8.31253 -26.7578 64.814 7.64187 1 0 0 0 1 0 0 0 1 0
-2.7617 -15.1358 -53.081 8.19592 1 0 0 0 1 0 0 0 1 0
-16.6094 10.8451 47.5133 7.99662 1 0 0 0 1 0 0 0 1 0
-4.91765 3.62642 -75.5033 8.04995 1 0 0 0 1 0 0 0 1 0
0.829115 2.72053 -2.25117 7.5705 1 0 0 0 1 0 0 0 1 0
-4.86925 1.35044 90.3309 7.90651 1 0 0 0 1 0 0 0 1 0
15.5793 -5.45978 1.34719 7.5534 1 0 0 0 1 0 0 0 1 0
0.109405 -2.25342 -68.1163 7.72972 1 0 0 0 1 0 0 0 1 0
0.991482 10.75 1.95552 8.01755 1 0 0 0 1 0 0 0 1 0
12.6472 6.26715 13.9455 7.80542 1 0 0 0 1 0 0 0 1 0
-13.168 -17.6296 -15.6479 8.10675 1 0 0 0 1 0 0 0 1 0
-4.43155 0.350301 -6.69304 8.13772 1 0 0 0 1 0 0 0 1 0
35.65 -7.6212 43.0778 7.68761 1 0 0 0 1 0 0 0 1 0
-12.718 6.78589 -51.6086 7.72828 1 0 0 0 1 0 0 0 1 0
12.8083 6.59995 -12.9022 8.437 1 0 0 0 1 0 0 0 1 0
18.4154 16.0892 -91.723 8.01345 1 0 0 0 1 0 0 0 1 0
5.2968 -3.35704 -85.0165 8.11246 1 0 0 0 1 0 0 0 1 0
-26.2412 7.93484 -65.4759 8.40934 1 0 0 0 1 0 0 0 1 0
-13.4636 -3.78174 60.7318 8.2253 1 0 0 0 1 0 0 0 1 0
30.6078 -18.5468 -10.6423 7.65394 1 0 0 0 1 0 0 0 1 0
-2.91697 -2.6882 -93.4593 7.69579 1 0 0 0 1 0 0 0 1 0
-3.66463 -15.8363 -8.00732 8.09252 1 0 0 0 1 0 0 0 1 0
2.42332 9.98733 46.1614 7.6161 1 0 0 0 1 0 0 0 1 0
-7.70968 -7.84361 -3.73176 8.41404 1 0 0 0 1 0 0 0 1 0
-5.67692 28.3778 -82.75 7.74785 1 0 0 0 1 0 0 0 1 0
-26.4773 0.356001 -19.9713 7.92886 1 0 0 0 1 0 0 0 1 0
-0.829713 -14.1151 -6.16542 7.83535 1 0 0 0 1 0 0 0 1 0
10.8842 5.91704 59.0362 8.04264 1 0 0 0 1 0 0 0 1 0
19.1149 19.2805 -44.2462 8.4995 1 0 0 0 1 0 0 0 1 0
-1.00544 3.39542 46.2104 7.85072 1 0 0 0 1 0 0 0 1 0
-24.0372 11.0371 31.3154 8.40664 1 0 0 0 1 0 0 0 1 0
4.5987 -19.5441 -6.84508 8.12328 1 0 0 0 1 0 0 0 1 0
-8.466 -3.38091 -2.32354 7.57712 1 0 0 0 1 0 0 0 1 0
-4.85292 -6.24727 -55.3794 7.52594 1 0 0 0 1 0 0 0 1 0
-2.60899 36.2411 24.5771 8.124 1 0 0 0 1 0 0 0 1 0
7.94295 -10.8592 -76.0694 8.14823 1 0 0 0 1 0 0 0 1 0
-5.61901 -3.03145 5.22789 7.94351 1 0 0 0 1 0 0 0 1 0
-1.49524 -5.00239 69.4035 7.74507 1 0 0 0 1 0 0 0 1 0
25.8276 2.48673 -49.2378 7.80686 1 0 0 0 1 0 0 0 1 0
-11.238 -3.32885 6.85997 8.06649 1 0 0 0 1 0 0 0 1 0
-23.6597 -17.8545 -75.8434 7.60359 1 0 0 0 1 0 0 0 1 0
8.12528 -2.66511 -9.97856 7.9307 1 0 0 0 1 0 0 0 1 0
11.2065 -5.52258 58.7851 7.93582 1 0 0 0 1 0 0 0 1 0
-8.75203 10.5987 -77.0465 7.75465 1 0 0 0 1 0 0 0 1 0
2.35131 -1.92097 -29.3888 8.04056 1 0 0 0 1 0 0 0 1 0
-4.71245 -17.4131 -80.1367 7.52443 1 0 0 0 1 0 0 0 1 0
-11.1796 17.6801 -2.20721 8.34256 1 0 0 0 1 0 0 0 1 0
-9.33945 3.612 68.8742 7.60229 1 0 0 0 1 0 0 0 1 0
9.57812 -26.3008 59.3527 8.32562 1 0 0 0 1 0 0 0 1 0
-12.6232 -28.7257 -58.8181 7.67614 1 0 0 0 1 0 0 0 1 0
17.7933 -23.9055 8.54398 8.3302 1 0 0 0 1 0 0 0 1 0
0.245473 -28.0139 49.8396 8.07776 1 0 0 0 1 0 0 0 1 0
-0.31956 -12.4911 20.0311 7.79023 1 0 0 0 1 0 0 0 1 0
0.0436641 -20.5524 -22.4159 8.42686 1 0 0 0 1 0 0 0 1 0
3.09009 6.92562 12.0208 8.4207 1 0 0 0 1 0 0 0 1 0
-6.11439 14.0948 86.559 7.67471 1 0 0 0 1 0 0 0 1 0
10.1102 -3.01514 94.7313 7.90338 1 0 0 0 1 0 0 0 1 0
-1.15265 -5.11879 -75.4015 7.61015 1 0 0 0 1 0 0 0 1 0
-12.7726 6.63153 -19.52 8.42148 1 0 0 0 1 0 0 0 1 0
-23.4091 -21.973 5.80173 8.34001 1 0 0 0 1 0 0 0 1 0
22.118 6.89763 -60.1857 8.43441 1 0 0 0 1 0 0 0 1 0
-3.07867 -29.2893 -25.8421 7.82435 1 0 0 0 1 0 0 0 1 0
-20.2648 16.7675 40.6436 8.34392 1 0 0 0 1 0 0 0 1 0
-32.1809 0.0535302 -1.20189 7.54634 1 0 0 0 1 0 0 0 1 0
16.8624 12.7445 -94.7937 7.64881 1 0 0 0 1 0 0 0 1 0
-0.980623 2.66042 38.9674 8.45355 1 0 0 0 1 0 0 0 1 0
-20.651 -10.9641 -54.9724 7.53442 1 0 0 0 1 0 0 0 1 0
-3.82778 5.3486 -27.2618 7.87002 1 0 0 0 1 0 0 0 1 0
34.1816 0.898399 -12.9914 7.55529 1 0 0 0 1 0 0 0 1 0
23.5473 -23.2119 41.107 7.65375 1 0 0 0 1 0 0 0 1 0
-33.6988 5.6482 -89.5269 8.22778 1 0 0 0 1 0 0 0 1 0
27.2717 -26.4146 36.1739 7.73572 1 0 0 0 1 0 0 0 1 0
-5.53876 6.42288 -53.5147 8.42229 1 0 0 0 1 0 0 0 1 0
10.9033 -12.4162 50.8158 8.36009 1 0 0 0 1 0 0 0 1 0
2.93123 -36.0106 59.7567 7.78663 1 0 0 0 1 0 0 0 1 0
11.0747 -33.5082 -81.4235 7.84593 1 0 0 0 1 0 0 0 1 0
7.39177 -2.14283 -35.9858 7.54554 1 0 0 0 1 0 0 0 1 0
-5.27381 -4.97578 16.6806 7.9855 1 0 0 0 1 0 0 0 1 0
11.3416 -1.71271 -64.2366 8.30012 1 0 0 0 1 0 0 0 1 0
-4.78269 -7.71753 31.8403 8.11769 1 0 0 0 1 0 0 0 1 0
-15.5432 15.8464 -29.4186 8.00322 1 0 0 0 1 0 0 0 1 0
8.0709 -21.1274 27.7722 7.57325 1 0 0 0 1 0 0 0 1 0
-1.96297 -0.849855 62.0873 7.98526 1 0 0 0 1 0 0 0 1 0
1.03677 -5.04387 33.2866 7.9351 1 0 0 0 1 0 0 0 1 0
-1.78016 -6.83177 -45.6353 8.02057 1 0 0 0 1 0 0 0 1 0
13.4679 17.8166 12.3774 7.74946 1 0 0 0 1 0 0 0 1 0
11.8038 11.6128 58.3453 7.87316 1 0 0 0 1 0 0 0 1 0
-9.63946 -30.2003 -75.7842 7.66385 1 0 0 0 1 0 0 0 1 0
-11.2992 -8.13952 84.065 7.63421 1 0 0 0 1 0 0 0 1 0
-6.11837 -35.4301 61.0308 8.05286 1 0 0 0 1 0 0 0 1 0
1.08021 -33.0829 -63.5359 7.93567 1 0 0 0 1 0 0 0 1 0
3.63293 1.08581 -78.9807 7.87523 1 0 0 0 1 0 0 0 1 0
10.139 -11.1645 -47.143 7.91608 1 0 0 0 1 0 0 0 1 0
-26.0095 13.9613 -90.7562 8.48883 1 0 0 0 1 0 0 0 1 0
-25.6499 -23.4048 94.8611 7.69686 1 0 0 0 1 0 0 0 1 0
-26.399 -1.00244 40.4892 7.61801 1 0 0 0 1 0 0 0 1 0
6.0348 -16.8569 -17.2182 7.8085 1 0 0 0 1 0 0 0 1 0
16.225 15.7006 57.1667 7.69273 1 0 0 0 1 0 0 0 1 0
6.07726 24.6458 67.6494 8.29117 1 0 0 0 1 0 0 0 1 0
-12.2633 -17.1815 55.7617 7.63792 1 0 0 0 1 0 0 0 1 0
-2.58298 14.1868 87.5851 7.87762 1 0 0 0 1 0 0 0 1 0
0.990287 -6.88647 80.7365 7.86088 1 0 0 0 1 0 0 0 1 0
18.9819 -13.2518 -38.7258 7.53651 1 0 0 0 1 0 0 0 1 0
-7.56493 3.8084 -30.2906 7.83638 1 0 0 0 1 0 0 0 1 0
6.65538 -9.95008 -0.221515 8.1624 1 0 0 0 1 0 0 0 1 0
-3.48756 27.0427 66.3729 8.05877 1 0 0 0 1 0 0 0 1 0
2.05577 6.7217 15.5933 7.66404 1 0 0 0 1 0 0 0 1 0
13.7949 27.045 -1.19298 7.84988 1 0 0 0 1 0 0 0 1 0
18.4466 -32.2939 7.56988 7.69762 1 0 0 0 1 0 0 0 1 0
-22.7187 19.3603 31.2161 8.0466 1 0 0 0 1 0 0 0 1 0
-0.579611 -4.22764 -84.1653 7.63909 1 0 0 0 1 0 0 0 1 0
20.967 -19.7699 -35.7887 7.52944 1 0 0 0 1 0 0 0 1 0
20.3521 17.5342 -2.17865 7.82391 1 0 0 0 1 0 0 0 1 0
2.15377 -7.03429 65.9649 8.2378 1 0 0 0 1 0 0 0 1 0
30.6818 3.63327 -79.9177 7.99973 1 0 0 0 1 0 0 0 1 0
-32.5466 -15.6426 45.794 7.71202 1 0 0 0 1 0 0 0 1 0
-9.75945 -10.3866 74.3139 7.69976 1 0 0 0 1 0 0 0 1 0
28.6963 -21.6432 -42.0098 7.58975 1 0 0 0 1 0 0 0 1 0
-30.7524 -15.9145 8.58308 7.94693 1 0 0 0 1 0 0 0 1 0
-36.2789 10.4712 15.4811 7.98799 1 0 0 0 1 0 0 0 1 0
-13.6765 24.5734 73.0909 8.07146 1 0 0 0 1 0 0 0 1 0
11.3625 -27.1829 -42.081 8.2228 1 0 0 0 1 0 0 0 1 0
17.4547 -0.370913 -56.5712 7.67475 1 0 0 0 1 0 0 0 1 0
17.5867 19.2045 1.79148 7.94617 1 0 0 0 1 0 0 0 1 0
11.8418 -31.7039 -75.6359 8.36933 1 0 0 0 1 0 0 0 1 0
5.58652 29.8154 -20.7407 8.01694 1 0 0 0 1 0 0 0 1 0
-15.6369 3.15117 -64.1373 7.76965 1 0 0 0 1 0 0 0 1 0
8.99053 0.866813 80.3535 8.09837 1 0 0 0 1 0 0 0 1 0
-1.9395 -1.64755 47.3216 8.12209 1 0 0 0 1 0 0 0 1 0
10.5621 -29.3879 -83.9055 7.92362 1 0 0 0 1 0 0 0 1 0
30.8818 -16.7603 63.2793 7.9678 1 0 0 0 1 0 0 0 1 0
-15.6294 13.6579 -47.4722 8.12456 1 0 0 0 1 0 0 0 1 0
8.5285 -23.5942 -45.6807 8.22406 1 0 0 0 1 0 0 0 1 0
2.99375 -30.4224 -9.26635 8.46928 1 0 0 0 1 0 0 0 1 0
20.5656 -15.7937 21.3187 8.34189 1 0 0 0 1 0 0 0 1 0
-27.9129 20.5916 3.32352 8.44338 1 0 0 0 1 0 0 0 1 0
16.8422 29.0307 -24.4789 7.60444 1 0 0 0 1 0 0 0 1 0
27.5658 24.238 -17.0873 7.84774 1 0 0 0 1 0 0 0 1 0
26.9283 16.0677 93.9822 7.97361 1 0 0 0 1 0 0 0 1 0
5.69011 6.03245 47.4247 7.84491 1 0 0 0 1 0 0 0 1 0
-12.9191 7.20112 -45.8729 7.54257 1 0 0 0 1 0 0 0 1 0
2.39271 -12.7676 77.3263 7.89876 1 0 0 0 1 0 0 0 1 0
-15.9556 3.69337 39.4549 8.16775 1 0 0 0 1 0 0 0 1 0
-7.2524 -2.90804 84.9166 8.07359 1 0 0 0 1 0 0 0 1 0
-8.19785 -36.399 28.4404 8.42639 1 0 0 0 1 0 0 0 1 0
-8.42618 -3.1475 15.595 8.30163 1 0 0 0 1 0 0 0 1 0
0.36501 -19.7413 -43.4955 8.02085 1 0 0 0 1 0 0 0 1 0
27.121 -14.5709 59.677 7.91482 1 0 0 0 1 0 0 0 1 0
9.62487 22.3969 -49.3915 8.14506 1 0 0 0 1 0 0 0 1 0
22.503 -25.4168 89.5373 8.22478 1 0 0 0 1 0 0 0 1 0
-29.4935 -3.61661 -64.918 8.25302 1 0 0 0 1 0 0 0 1 0
22.2789 18.0734 -69.8071 8.06069 1 0 0 0 1 0 0 0 1 0
2.33053 -7.72721 27.6655 7.52363 1 0 0 0 1 0 0 0 1 0
14.1246 -2.3489 -37.5453 8.1525 1 0 0 0 1 0 0 0 1 0
-2.92255 -21.3962 -52.5442 8.25847 1 0 0 0 1 0 0 0 1 0
-29.4409 -17.5594 58.1259 8.02664 1 0 0 0 1 0 0 0 1 0
23.7989 4.70835 71.0919 8.43011 1 0 0 0 1 0 0 0 1 0
-29.4356 18.8488 4.51695 8.08193 1 0 0 0 1 0 0 0 1 0
-22.5162 11.5733 -3.83234 7.88792 1 0 0 0 1 0 0 0 1 0
29.3759 12.6058 -36.6539 8.38318 1 0 0 0 1 0 0 0 1 0
-11.5083 1.5196 26.6097 8.11279 1 0 0 0 1 0 0 0 1 0
-8.29611 15.2235 -77.2116 7.97219 1 0 0 0 1 0 0 0 1 0
-0.471509 32.5569 -3.78344 8.44016 1 0 0 0 1 0 0 0 1 0
-27.4022 2.25351 4.17209 7.98906 1 0 0 0 1 0 0 0 1 0
-6.06176 0.757783 2.06631 8.11606 1 0 0 0 1 0 0 0 1 0
4.35236 6.85029 10.6709 7.62197 1 0 0 0 1 0 0 0 1 0
0.96935 28.4691 -40.613 7.86438 1 0 0 0 1 0 0 0 1 0
-25.0221 27.038 78.761 8.37733 1 0 0 0 1 0 0 0 1 0
8.96465 5.64108 36.7317 8.45137 1 0 0 0 1 0 0 0 1 0
16.9355 20.8373 43.8105 7.81104 1 0 0 0 1 0 0 0 1 0
1.63408 -3.22068 80.0549 8.26584 1 0 0 0 1 0 0 0 1 0
9.56536 -8.90576 73.7173 8.1532 1 0 0 0 1 0 0 0 1 0
-0.136778 13.8939 75.543 8.23352 1 0 0 0 1 0 0 0 1 0
22.0516 -11.3338 57.9975 8.43556 1 0 0 0 1 0 0 0 1 0
0.930759 -5.06705 -29.3522 7.92611 1 0 0 0 1 0 0 0 1 0
7.57476 -14.8345 -51.3891 7.60018 1 0 0 0 1 0 0 0 1 0
16.7609 29.433 34.7545 8.13639 1 0 0 0 1 0 0 0 1 0
-29.6924 9.19501 -28.5811 8.19287 1 0 0 0 1 0 0 0 1 0
-30.5784 -5.47427 -8.6479 7.58652 1 0 0 0 1 0 0 0 1 0
4.46363 -2.38233 52.9358 7.98637 1 0 0 0 1 0 0 0 1 0
-35.5372 9.71473 -11.7808 8.15544 1 0 0 0 1 0 0 0 1 0
-29.8061 11.0025 94.8656 7.69066 1 0 0 0 1 0 0 0 1 0
-7.16699 -11.4914 64.1602 7.85416 1 0 0 0 1 0 0 0 1 0
-13.8481 14.9154 13.1813 8.16218 1 0 0 0 1 0 0 0 1 0
33.9028 -17.1418 -71.2817 7.515 1 0 0 0 1 0 0 0 1 0
0.0875044 8.6231 37.2746 8.326 1 0 0 0 1 0 0 0 1 0
15.3861 -14.5937 -77.6868 7.87743 1 0 0 0 1 0 0 0 1 0
-5.92191 -5.51702 17.2984 7.52578 1 0 0 0 1 0 0 0 1 0
33.798 16.7252 -38.2753 8.44762 1 0 0 0 1 0 0 0 1 0
17.4716 -27.9614 20.8548 8.38928 1 0 0 0 1 0 0 0 1 0
-15.4755 -21.1354 1.46082 7.54158 1 0 0 0 1 0 0 0 1 0
-16.1707 -0.461321 -17.063 8.35162 1 0 0 0 1 0 0 0 1 0
14.4924 -3.2731 62.804 7.67976 1 0 0 0 1 0 0 0 1 0
-5.32667 26.84 49.6871 8.37731 1 0 0 0 1 0 0 0 1 0
-23.5699 13.0405 77.2333 7.9067 1 0 0 0 1 0 0 0 1 0
7.97349 -19.0964 70.4652 7.87434 1 0 0 0 1 0 0 0 1 0
-8.8195 24.6214 89.725 8.41757 1 0 0 0 1 0 0 0 1 0
-30.8845 -0.607606 -38.8836 8.26257 1 0 0 0 1 0 0 0 1 0
25.4118 -6.12983 83.7986 8.22723 1 0 0 0 1 0 0 0 1 0
23.3888 -15.1323 -24.327 7.69488 1 0 0 0 1 0 0 0 1 0
4.41488 -36.6394 84.1935 7.68989 1 0 0 0 1 0 0 0 1 0
-17.4146 11.9031 -4.43693 8.48199 1 0 0 0 1 0 0 0 1 0
-32.84 -5.55387 57.4914 8.34462 1 0 0 0 1 0 0 0 1 0
4.54485 3.19551 -31.8452 8.35705 1 0 0 0 1 0 0 0 1 0
18.4853 -6.71459 -1.33272 7.88754 1 0 0 0 1 0 0 0 1 0
-11.0551 -13.0468 -19.0578 8.20957 1 0 0 0 1 0 0 0 1 0
-30.0367 15.2962 -18.2124 8.00637 1 0 0 0 1 0 0 0 1 0
4.66982 11.2098 -3.81821 8.22287 1 0 0 0 1 0 0 0 1 0
-3.26344 -2.39616 -36.0707 7.99423 1 0 0 0 1 0 0 0 1 0
-6.75243 4.5831 -30.9141 8.45856 1 0 0 0 1 0 0 0 1 0
-8.4128 -23.4074 88.5952 8.43552 1 0 0 0 1 0 0 0 1 0
-3.97779 15.7845 -14.5557 7.7699 1 0 0 0 1 0 0 0 1 0
-3.58336 20.3876 25.2569 7.54662 1 0 0 0 1 0 0 0 1 0
-9.0688 -0.159788 71.274 7.87242 1 0 0 0 1 0 0 0 1 0
-3.75362 -8.37659 -57.1391 8.41921 1 0 0 0 1 0 0 0 1 0
-6.18847 4.8765 -78.7505 7.69577 1 0 0 0 1 0 0 0 1 0
5.82955 2.39909 34.1019 8.08579 1 0 0 0 1 0 0 0 1 0
-5.83919 -0.84775 -42.7454 8.35899 1 0 0 0 1 0 0 0 1 0
21.5351 29.4584 -13.6255 8.23188 1 0 0 0 1 0 0 0 1 0
-7.61796 -21.5049 89.4994 7.6374 1 0 0 0 1 0 0 0 1 0
-9.42399 -5.32628 -68.6818 7.66291 1 0 0 0 1 0 0 0 1 0
2.62944 -2.20199 -30.9218 7.84509 1 0 0 0 1 0 0 0 1 0
-8.3324 -36.6966 64.2417 8.40744 1 0 0 0 1 0 0 0 1 0
15.1019 -21.406 -80.1833 8.13967 1 0 0 0 1 0 0 0 1 0
-18.9394 -17.0981 -53.7271 8.08267 1 0 0 0 1 0 0 0 1 0
-8.36538 10.0254 92.0336 7.98178 1 0 0 0 1 0 0 0 1 0
-5.6962 -11.7048 -12.3842 8.22037 1 0 0 0 1 0 0 0 1 0
-4.49473 -0.894498 -82.8682 7.83976 1 0 0 0 1 0 0 0 1 0
6.75164 -13.1921 -43.223 8.13935 1 0 0 0 1 0 0 0 1 0
-21.4833 17.3835 -92.9631 8.42916 1 0 0 0 1 0 0 0 1 0
0.695159 11.3764 -45.1002 7.81874 1 0 0 0 1 0 0 0 1 0
-3.47957 -0.983349 -4.73491 8.40935 1 0 0 0 1 0 0 0 1 0
-12.4372 0.305278 -17.4234 8.22236 1 0 0 0 1 0 0 0 1 0
2.95364 -0.691681 33.9798 7.58498 1 0 0 0 1 0 0 0 1 0
15.1469 6.91507 42.9047 8.16008 1 0 0 0 1 0 0 0 1 0
-6.42477 -13.8873 9.73079 8.08661 1 0 0 0 1 0 0 0 1 0
-16.1729 -9.06453 3.87089 8.42479 1 0 0 0 1 0 0 0 1 0
-12.6626 13.5206 -6.75816 7.61134 1 0 0 0 1 0 0 0 1 0
26.9092 4.19571 -12.8722 8.143 1 0 0 0 1 0 0 0 1 0
1.22741 -30.4698 -90.8142 8.32107 1 0 0 0 1 0 0 0 1 0
9.78687 15.2412 42.4214 7.82842 1 0 0 0 1 0 0 0 1 0
-33.3335 -10.8686 3.90984 7.78063 1 0 0 0 1 0 0 0 1 0
24.9898 16.0253 10.7797 8.40811 1 0 0 0 1 0 0 0 1 0
-9.34548 2.41184 53.8808 8.46962 1 0 0 0 1 0 0 0 1 0
4.03411 -4.55317 -50.2227 8.09086 1 0 0 0 1 0 0 0 1 0
-22.4866 -0.883468 32.1147 8.22682 1 0 0 0 1 0 0 0 1 0
-10.5249 21.2407 72.0799 7.53926 1 0 0 0 1 0 0 0 1 0
13.2608 -11.5335 4.47571 7.74818 1 0 0 0 1 0 0 0 1 0
-2.31505 0.597582 -12.2881 7.63706 1 0 0 0 1 0 0 0 1 0
23.8825 -13.1203 47.3819 8.0153 1 0 0 0 1 0 0 0 1 0
14.2829 -34.0791 -61.1754 8.41383 1 0 0 0 1 0 0 0 1 0
-10.9738 -26.0284 -52.7335 8.45945 1 0 0 0 1 0 0 0 1 0
-2.40732 1.1025 -21.6703 7.68523 1 0 0 0 1 0 0 0 1 0
-27.8638 17.4042 27.1257 7.58586 1 0 0 0 1 0 0 0 1 0
-10.4281 32.6481 -82.9583 7.87275 1 0 0 0 1 0 0 0 1 0
-17.0663 19.3439 -67.134 8.41129 1 0 0 0 1 0 0 0 1 0
7.5814 8.94742 -69.9907 7.79947 1 0 0 0 1 0 0 0 1 0
3.48263 -1.30166 -27.7927 7.6858 1 0 0 0 1 0 0 0 1 0
-1.65947 2.06805 -41.9442 7.94675 1 0 0 0 1 0 0 0 1 0
-5.69344 22.8325 -89.2159 7.99028 1 0 0 0 1 0 0 0 1 0
-7.33156 11.7954 -74.4045 7.80028 1 0 0 0 1 0 0 0 1 0
-2.97493 3.52201 -14.3503 7.75603 1 0 0 0 1 0 0 0 1 0
6.02361 -9.15487 47.3373 7.68889 1 0 0 0 1 0 0 0 1 0
8.01873 28.6792 -40.92 8.466 1 0 0 0 1 0 0 0 1 0
4.05412 -25.5731 43.0252 7.59106 1 0 0 0 1 0 0 0 1 0
-9.79019 -0.247427 -42.3454 7.95349 1 0 0 0 1 0 0 0 1 0
28.3103 6.09977 -71.7 8.06076 1 0 0 0 1 0 0 0 1 0
26.5202 5.16686 -91.7351 7.9878 1 0 0 0 1 0 0 0 1 0
-22.6798 16.8961 -62.5275 8.12656 1 0 0 0 1 0 0 0 1 0
-3.68413 33.1752 -68.441 7.50846 1 0 0 0 1 0 0 0 1 0
-12.2977 5.97322 -52.6866 8.35453 1 0 0 0 1 0 0 0 1 0
14.8543 29.848 -80.4786 7.97086 1 0 0 0 1 0 0 0 1 0
-34.0774 -0.406871 -53.9782 8.4225 1 0 0 0 1 0 0 0 1 0
2.97806 22.8123 54.1238 7.7945 1 0 0 0 1 0 0 0 1 0
7.28473 -13.9168 53.6872 7.58671 1 0 0 0 1 0 0 0 1 0
3.97644 21.8061 57.9321 8.06162 1 0 0 0 1 0 0 0 1 0
12.0536 2.67739 37.6808 8.39451 1 0 0 0 1 0 0 0 1 0
0.186224 20.3672 -63.2652 8.12608 1 0 0 0 1 0 0 0 1 0
15.8857 6.77808 48.3849 7.90776 1 0 0 0 1 0 0 0 1 0
-1.06387 14.883 -51.8015 7.79845 1 0 0 0 1 0 0 0 1 0
7.92652 -19.9444 -39.7483 8.15829 1 0 0 0 1 0 0 0 1 0
-0.556006 -8.96806 19.4796 7.71342 1 0 0 0 1 0 0 0 1 0
-16.709 19.4283 -86.9654 8.03177 1 0 0 0 1 0 0 0 1 0
22.0269 18.3586 91.4143 8.25732 1 0 0 0 1 0 0 0 1 0
11.4915 -11.8648 2.0214 7.68068 1 0 0 0 1 0 0 0 1 0
2.74374 -0.104329 27.9126 7.74486 1 0 0 0 1 0 0 0 1 0
4.13388 -5.78305 29.2768 7.54309 1 0 0 0 1 0 0 0 1 0
-18.7236 -7.23839 -57.1545 7.75096 1 0 0 0 1 0 0 0 1 0
13.5151 -5.60352 18.9257 7.71836 1 0 0 0 1 0 0 0 1 0
-16.4367 -28.7542 24.512 8.21254 1 0 0 0 1 0 0 0 1 0
7.98019 10.811 -7.40185 8.24352 1 0 0 0 1 0 0 0 1 0
-5.65657 13.9918 -30.2608 8.44518 1 0 0 0 1 0 0 0 1 0
3.88623 27.854 -87.3007 7.51525 1 0 0 0 1 0 0 0 1 0
14.7415 -9.6653 -4.09086 7.72157 1 0 0 0 1 0 0 0 1 0
1.02852 7.59336 -17.191 8.20415 1 0 0 0 1 0 0 0 1 0
26.7898 17.6017 -62.3417 7.58246 1 0 0 0 1 0 0 0 1 0
-15.325 3.18354 -44.1993 7.78071 1 0 0 0 1 0 0 0 1 0
-16.7114 17.0315 30.9626 7.86983 1 0 0 0 1 0 0 0 1 0
2.63417 12.7381 -50.4148 7.5518 1 0 0 0 1 0 0 0 1 0
-27.1207 -14.8533 -93.3785 8.32309 1 0 0 0 1 0 0 0 1 0
23.5228 2.13669 -38.2163 7.61718 1 0 0 0 1 0 0 0 1 0
-6.52792 3.07493 -67.5957 7.72183 1 0 0 0 1 0 0 0 1 0
-13.6515 -10.4723 -77.248 8.49555 1 0 0 0 1 0 0 0 1 0
-6.38045 -1.24639 79.4942 8.35063 1 0 0 0 1 0 0 0 1 0
-1.41462 18.472 -5.49469 7.96563 1 0 0 0 1 0 0 0 1 0
7.23192 -5.1035 83.8798 8.3475 1 0 0 0 1 0 0 0 1 0
3.59026 33.4295 48.0844 8.31318 1 0 0 0 1 0 0 0 1 0
-12.2713 -12.4745 25.7222 7.92819 1 0 0 0 1 0 0 0 1 0
22.4142 -15.3917 -13.0483 8.36533 1 0 0 0 1 0 0 0 1 0
-21.6581 20.2014 73.9437 8.11382 1 0 0 0 1 0 0 0 1 0
-4.77803 -11.81 51.9491 7.81191 1 0 0 0 1 0 0 0 1 0
-6.43253 -0.763344 27.3274 7.65246 1 0 0 0 1 0 0 0 1 0
-15.9263 -23.2347 -63.7724 7.56389 1 0 0 0 1 0 0 0 1 0
-23.7359 -7.14713 -10.577 8.37832 1 0 0 0 1 0 0 0 1 0
-6.66887 18.302 36.4214 8.47498 1 0 0 0 1 0 0 0 1 0
29.834 11.6659 62.6547 7.52065 1 0 0 0 1 0 0 0 1 0
-5.85459 7.43856 16.8448 7.67252 1 0 0 0 1 0 0 0 1 0
29.0598 -9.17675 18.1038 7.53893 1 0 0 0 1 0 0 0 1 0
6.34479 3.4522 -41.8409 8.32498 1 0 0 0 1 0 0 0 1 0
7.1781 -1.2879 75.0978 7.59988 1 0 0 0 1 0 0 0 1 0
6.65654 9.92315 -34.5883 7.97646 1 0 0 0 1 0 0 0 1 0
-36.3983 0.116156 -74.5983 7.67735 1 0 0 0 1 0 0 0 1 0
-4.54131 6.35301 83.2075 7.65322 1 0 0 0 1 0 0 0 1 0
2.02419 19.6354 49.0253 7.80925 1 0 0 0 1 0 0 0 1 0
15.1282 0.829202 29.7738 8.23093 1 0 0 0 1 0 0 0 1 0
-5.09458 -0.708613 -85.2019 8.29217 1 0 0 0 1 0 0 0 1 0
5.99843 -0.177681 -11.3139 7.63423 1 0 0 0 1 0 0 0 1 0
11.9025 6.01285 43.8693 7.83742 1 0 0 0 1 0 0 0 1 0
-22.5329 19.9916 -86.2852 8.02846 1 0 0 0 1 0 0 0 1 0
9.77246 -11.3598 50.0338 7.88447 1 0 0 0 1 0 0 0 1 0
23.8983 -16.3197 1.0527 7.96596 1 0 0 0 1 0 0 0 1 0
-0.367358 -30.5927 -64.1035 7.86757 1 0 0 0 1 0 0 0 1 0
-25.1439 11.4286 19.829 8.2808 1 0 0 0 1 0 0 0 1 0
26.6149 -14.7636 7.77745 8.37077 1 0 0 0 1 0 0 0 1 0
-0.76246 -27.2943 43.7634 7.62101 1 0 0 0 1 0 0 0 1 0
3.69609 5.07687 75.984 8.1545 1 0 0 0 1 0 0 0 1 0
36.9545 -2.69554 94.5892 7.81826 1 0 0 0 1 0 0 0 1 0
5.32169 -4.83729 52.64 7.99798 1 0 0 0 1 0 0 0 1 0
2.70335 -9.32442 -22.2265 8.45066 1 0 0 0 1 0 0 0 1 0
-11.9086 14.0986 66.2182 7.81322 1 0 0 0 1 0 0 0 1 0
15.9741 -23.7289 -8.3825 8.36314 1 0 0 0 1 0 0 0 1 0
30.1156 -11.4796 5.34256 8.401 1 0 0 0 1 0 0 0 1 0
4.29087 -11.3155 -47.8735 7.90591 1 0 0 0 1 0 0 0 1 0
-22.5172 2.91166 11.8013 8.46986 1 0 0 0 1 0 0 0 1 0
-13.9081 -16.4171 61.0462 8.02355 1 0 0 0 1 0 0 0 1 0
-14.0095 1.70474 57.1872 8.22898 1 0 0 0 1 0 0 0 1 0
28.435 -13.8114 -58.4356 7.84599 1 0 0 0 1 0 0 0 1 0
3.66768 -0.235972 -80.0173 8.24063 1 0 0 0 1 0 0 0 1 0
5.56491 -8.25607 15.2446 8.44735 1 0 0 0 1 0 0 0 1 0
-4.63586 24.0603 57.0035 7.69006 1 0 0 0 1 0 0 0 1 0
-7.07667 24.0348 -11.0783 8.33336 1 0 0 0 1 0 0 0 1 0
15.0939 -16.167 59.877 7.96923 1 0 0 0 1 0 0 0 1 0
26.0354 -26.4233 -22.4248 8.0402 1 0 0 0 1 0 0 0 1 0
-33.5549 3.92651 51.4791 7.60032 1 0 0 0 1 0 0 0 1 0
24.948 7.33093 -59.5983 8.33256 1 0 0 0 1 0 0 0 1 0
25.4825 -6.68189 74.1307 8.40651 1 0 0 0 1 0 0 0 1 0
-18.2218 23.9107 -7.94778 7.85687 1 0 0 0 1 0 0 0 1 0
5.44895 8.31315 47.9241 8.35557 1 0 0 0 1 0 0 0 1 0
-4.32085 -19.0039 35.8598 7.86866 1 0 0 0 1 0 0 0 1 0
19.3581 20.3838 58.2305 8.35019 1 0 0 0 1 0 0 0 1 0
-10.837 11.6508 -85.3941 8.12577 1 0 0 0 1 0 0 0 1 0
-35.3215 -7.97516 -45.703 8.28449 1 0 0 0 1 0 0 0 1 0
-6.15001 0.769841 88.5519 8.37969 1 0 0 0 1 0 0 0 1 0
18.1196 0.0997257 50.3725 8.14262 1 0 0 0 1 0 0 0 1 0
-12.4453 0.056598 -14.1623 7.85179 1 0 0 0 1 0 0 0 1 0
15.0228 31.1028 -92.3866 7.56772 1 0 0 0 1 0 0 0 1 0
-19.1122 22.1099 -38.4118 8.06724 1 0 0 0 1 0 0 0 1 0
9.09878 28.2484 46.9256 8.12195 1 0 0 0 1 0 0 0 1 0
-15.1074 0.937066 -3.64809 7.85503 1 0 0 0 1 0 0 0 1 0
-31.2656 -12.0793 34.4623 8.46719 1 0 0 0 1 0 0 0 1 0
17.3194 16.7937 -25.9065 8.24884 1 0 0 0 1 0 0 0 1 0
22.2014 28.546 28.5672 8.04701 1 0 0 0 1 0 0 0 1 0
13.1478 -3.91645 55.6339 8.09358 1 0 0 0 1 0 0 0 1 0
-2.17508 6.02049 77.8537 7.73892 1 0 0 0 1 0 0 0 1 0
5.36964 32.6429 81.0913 7.86943 1 0 0 0 1 0 0 0 1 0
-9.21291 6.35566 71.8273 8.30625 1 0 0 0 1 0 0 0 1 0
-13.01 7.13855 36.0485 8.22616 1 0 0 0 1 0 0 0 1 0
23.4286 -9.02834 -12.0009 8.06045 1 0 0 0 1 0 0 0 1 0
-3.8475 27.6462 11.8973 8.23093 1 0 0 0 1 0 0 0 1 0
-13.239 -23.3801 -77.2565 7.50789 1 0 0 0 1 0 0 0 1 0
-3.03792 3.53471 33.07 8.44702 1 0 0 0 1 0 0 0 1 0
-6.1168 -2.42802 94.9227 7.71946 1 0 0 0 1 0 0 0 1 0
-30.2443 -13.4903 -40.1024 8.25688 1 0 0 0 1 0 0 0 1 0
1.19557 10.4763 57.5341 7.77669 1 0 0 0 1 0 0 0 1 0
-20.7555 -17.7629 20.2638 7.50851 1 0 0 0 1 0 0 0 1 0
22.1126 -14.1366 87.8351 7.75446 1 0 0 0 1 0 0 0 1 0
2.67203 -18.664 38.6046 7.81417 1 0 0 0 1 0 0 0 1 0
24.8095 28.5581 -74.9433 8.01877 1 0 0 0 1 0 0 0 1 0
7.11329 28.4609 60.5384 7.55593 1 0 0 0 1 0 0 0 1 0
27.4573 -21.764 -71.3744 8.43026 1 0 0 0 1 0 0 0 1 0
-21.4274 -7.75073 -86.0214 8.23005 1 0 0 0 1 0 0 0 1 0
-21.6411 -13.9246 -60.0402 7.65237 1 0 0 0 1 0 0 0 1 0
5.26274 13.6454 48.1464 8.1877 1 0 0 0 1 0 0 0 1 0
5.73192 25.8808 -45.6451 8.31437 1 0 0 0 1 0 0 0 1 0
15.6852 2.36811 -33.6974 8.22923 1 0 0 0 1 0 0 0 1 0
-3.04732 -28.0058 83.2958 7.81678 1 0 0 0 1 0 0 0 1 0
-8.79882 13.2805 -0.672005 8.38994 1 0 0 0 1 0 0 0 1 0
8.61339 -19.6612 -38.1442 8.4112 1 0 0 0 1 0 0 0 1 0
-2.51818 -14.1039 45.7786 7.95127 1 0 0 0 1 0 0 0 1 0
12.4166 6.79218 -21.0671 7.55127 1 0 0 0 1 0 0 0 1 0
-28.5432 7.32613 85.3378 8.19964 1 0 0 0 1 0 0 0 1 0
10.1751 -16.5661 20.3514 7.53706 1 0 0 0 1 0 0 0 1 0
-5.64029 5.76166 -4.21876 8.12988 1 0 0 0 1 0 0 0 1 0
3.93346 30.086 -91.9452 8.2969 1 0 0 0 1 0 0 0 1 0
-7.00093 4.24109 -28.5651 8.12221 1 0 0 0 1 0 0 0 1 0
21.6094 6.80086 -40.203 8.23546 1 0 0 0 1 0 0 0 1 0
-6.41625 -5.80647 -80.4503 8.3391 1 0 0 0 1 0 0 0 1 0
7.49843 -1.56178 85.8234 8.48194 1 0 0 0 1 0 0 0 1 0
-7.11428 -0.981004 68.507 7.55649 1 0 0 0 1 0 0 0 1 0
14.0577 -25.2323 17.6742 8.41265 1 0 0 0 1 0 0 0 1 0
-3.63345 9.65708 40.2437 8.05794 1 0 0 0 1 0 0 0 1 0
-26.6306 18.8827 -74.3703 7.92464 1 0 0 0 1 0 0 0 1 0
12.7213 10.8678 -78.7612 7.64019 1 0 0 0 1 0 0 0 1 0
-1.31831 23.2575 24.9511 8.02751 1 0 0 0 1 0 0 0 1 0
-22.8147 21.2524 -74.1378 8.17571 1 0 0 0 1 0 0 0 1 0
20.2365 -11.8362 87.6054 8.24531 1 0 0 0 1 0 0 0 1 0
19.1966 -28.0192 -38.3845 7.72751 1 0 0 0 1 0 0 0 1 0
-22.4903 -1.57306 15.4485 8.32555 1 0 0 0 1 0 0 0 1 0
-27.0669 21.5277 48.3113 7.55456 1 0 0 0 1 0 0 0 1 0
20.8446 -30.8117 62.1936 8.15375 1 0 0 0 1 0 0 0 1 0
8.86105 -4.60767 -11.1202 8.00019 1 0 0 0 1 0 0 0 1 0
-11.1722 31.0937 -89.5054 8.46092 1 0 0 0 1 0 0 0 1 0
-12.8031 21.3356 -42.9765 8.21391 1 0 0 0 1 0 0 0 1 0
1.31098 2.29498 -66.9551 7.58452 1 0 0 0 1 0 0 0 1 0
-26.1412 -23.0291 25.3743 8.10942 1 0 0 0 1 0 0 0 1 0
-34.7405 10.215 26.4302 7.83209 1 0 0 0 1 0 0 0 1 0
-27.0843 -14.3035 10.1206 8.32132 1 0 0 0 1 0 0 0 1 0
11.4996 18.7447 6.6845 7.71502 1 0 0 0 1 0 0 0 1 0
2.54049 2.35292 70.2176 8.19716 1 0 0 0 1 0 0 0 1 0
-37.0466 -1.5319 -61.0226 8.26868 1 0 0 0 1 0 0 0 1 0
6.48353 -0.189496 -21.6603 8.15877 1 0 0 0 1 0 0 0 1 0
-14.0946 -11.0091 65.754 7.70846 1 0 0 0 1 0 0 0 1 0
-15.4823 8.31392 76.566 7.98399 1 0 0 0 1 0 0 0 1 0
-5.20666 8.55322 -19.1039 7.54923 1 0 0 0 1 0 0 0 1 0
5.45345 8.24824 -58.5519 7.69619 1 0 0 0 1 0 0 0 1 0
-1.22352 22.4004 -7.03441 8.32711 1 0 0 0 1 0 0 0 1 0
0.226797 2.61892 12.4049 7.65922 1 0 0 0 1 0 0 0 1 0
2.40796 -10.6568 -77.2657 7.6606 1 0 0 0 1 0 0 0 1 0
-18.0885 6.41789 23.3933 7.88935 1 0 0 0 1 0 0 0 1 0
-1.82495 2.00945 94.6279 8.19067 1 0 0 0 1 0 0 0 1 0
34.7274 -14.8492 60.1523 8.34183 1 0 0 0 1 0 0 0 1 0
-1.95034 -6.76136 -26.862 8.15092 1 0 0 0 1 0 0 0 1 0
0.783675 -28.0038 -34.7812 7.78066 1 0 0 0 1 0 0 0 1 0
-15.3124 12.2826 30.6754 8.38228 1 0 0 0 1 0 0 0 1 0
15.2621 -7.66872 41.3545 7.8409 1 0 0 0 1 0 0 0 1 0
34.9584 -1.29158 -6.13888 8.36283 1 0 0 0 1 0 0 0 1 0
3.92797 -12.899 6.67327 8.29177 1 0 0 0 1 0 0 0 1 0
22.0066 -14.5289 74.8218 8.20721 1 0 0 0 1 0 0 0 1 0
-3.44302 1.46855 15.05 7.65438 1 0 0 0 1 0 0 0 1 0
4.66056 -22.1513 9.28662 7.84799 1 0 0 0 1 0 0 0 1 0
20.3622 -21.3133 20.4096 7.54902 1 0 0 0 1 0 0 0 1 0
-6.17703 -13.4477 50.0817 7.94463 1 0 0 0 1 0 0 0 1 0
8.22233 -2.69625 -20.0783 8.35522 1 0 0 0 1 0 0 0 1 0
-8.0045 -8.04652 27.9198 8.27487 1 0 0 0 1 0 0 0 1 0
1.98695 11.9722 94.8479 7.63974 1 0 0 0 1 0 0 0 1 0
18.5466 8.95612 15.3279 8.36461 1 0 0 0 1 0 0 0 1 0
3.32619 -25.7791 -21.754 8.32864 1 0 0 0 1 0 0 0 1 0
17.7315 30.1725 40.6752 8.21494 1 0 0 0 1 0 0 0 1 0
11.9701 -19.9943 51.1757 7.62178 1 0 0 0 1 0 0 0 1 0
-13.8019 17.2424 81.8244 8.40341 1 0 0 0 1 0 0 0 1 0
32.5902 13.7617 -23.1776 8.33768 1 0 0 0 1 0 0 0 1 0
22.4741 -10.2412 -31.7326 7.90222 1 0 0 0 1 0 0 0 1 0
18.9199 7.423 -11.9395 8.1532 1 0 0 0 1 0 0 0 1 0
-5.42346 -1.19211 57.5201 7.54835 1 0 0 0 1 0 0 0 1 0
7.07375 -35.3759 -88.0364 8.30679 1 0 0 0 1 0 0 0 1 0
15.1992 -4.00496 -37.4867 7.99575 1 0 0 0 1 0 0 0 1 0
28.0643 -14.8717 -49.6287 7.73262 1 0 0 0 1 0 0 0 1 0
-13.6695 12.9288 12.6963 7.65289 1 0 0 0 1 0 0 0 1 0
-15.7032 20.1834 -57.4953 8.15453 1 0 0 0 1 0 0 0 1 0
-9.10135 -30.1854 28.5725 7.57203 1 0 0 0 1 0 0 0 1 0
-2.82614 -0.0813866 32.1446 8.19942 1 0 0 0 1 0 0 0 1 0
10.8356 -3.43226 29.2481 7.53974 1 0 0 0 1 0 0 0 1 0
16.6037 14.0367 -4.92043 7.96064 1 0 0 0 1 0 0 0 1 0
-31.6655 12.7804 21.8013 7.7479 1 0 0 0 1 0 0 0 1 0
5.93768 -9.50541 28.289 7.92947 1 0 0 0 1 0 0 0 1 0
2.26565 -0.104409 21.5777 8.37815 1 0 0 0 1 0 0 0 1 0
0.866781 17.4159 -6.76907 8.01576 1 0 0 0 1 0 0 0 1 0
-17.2035 1.80196 -70.0796 8.15631 1 0 0 0 1 0 0 0 1 0
-10.5942 -0.912036 38.5164 7.60428 1 0 0 0 1 0 0 0 1 0
-15.0177 -31.278 3.74851 8.49578 1 0 0 0 1 0 0 0 1 0
-13.8965 -5.38205 51.4879 8.01069 1 0 0 0 1 0 0 0 1 0
28.6692 18.1527 -64.4327 8.09989 1 0 0 0 1 0 0 0 1 0
-2.50353 -10.6029 -29.9171 7.52015 1 0 0 0 1 0 0 0 1 0
3.88896 -21.2264 48.0662 7.89974 1 0 0 0 1 0 0 0 1 0
-12.6755 18.6903 76.5689 8.24189 1 0 0 0 1 0 0 0 1 0
-5.05384 2.24629 3.71337 8.40741 1 0 0 0 1 0 0 0 1 0
15.0598 14.1974 -51.7224 7.50757 1 0 0 0 1 0 0 0 1 0
-29.4358 -13.4145 94.9485 8.33019 1 0 0 0 1 0 0 0 1 0
2.73296 26.8308 31.4524 7.55213 1 0 0 0 1 0 0 0 1 0
-14.3012 32.7567 -0.912705 8.40324 1 0 0 0 1 0 0 0 1 0
-3.63422 -16.0741 -6.56784 7.92759 1 0 0 0 1 0 0 0 1 0
1.69157 16.9687 -79.1189 8.20533 1 0 0 0 1 0 0 0 1 0
7.50342 0.0662187 -53.2181 7.8252 1 0 0 0 1 0 0 0 1 0
1.50129 3.96276 86.0082 8.34206 1 0 0 0 1 0 0 0 1 0
3.73307 -8.02128 -65.4196 7.82083 1 0 0 0 1 0 0 0 1 0
-10.09 -18.7842 65.7576 8.17467 1 0 0 0 1 0 0 0 1 0
-2.84694 -0.670233 70.8522 7.65333 1 0 0 0 1 0 0 0 1 0
28.8156 -13.7455 -53.9046 7.82453 1 0 0 0 1 0 0 0 1 0
-0.0175341 3.85731 -55.952 7.93341 1 0 0 0 1 0 0 0 1 0
-10.4954 3.71467 56.117 8.1477 1 0 0 0 1 0 0 0 1 0
21.4565 24.4202 -51.6514 8.05903 1 0 0 0 1 0 0 0 1 0
-0.916696 5.98936 69.963 7.95636 1 0 0 0 1 0 0 0 1 0
17.1083 10.6916 13.8117 7.67231 1 0 0 0 1 0 0 0 1 0
26.9908 -9.52747 39.8838 7.64022 1 0 0 0 1 0 0 0 1 0
7.56237 -3.38776 10.8704 7.80598 1 0 0 0 1 0 0 0 1 0
1.31495 -14.0385 42.0408 7.82869 1 0 0 0 1 0 0 0 1 0
0.166696 -2.58022 -0.871059 8.49057 1 0 0 0 1 0 0 0 1 0
-10.5926 -5.93259 -6.11321 7.6387 1 0 0 0 1 0 0 0 1 0
25.1981 -17.0348 91.9478 7.91405 1 0 0 0 1 0 0 0 1 0
11.1116 7.48573 78.14 7.97167 1 0 0 0 1 0 0 0 1 0
12.3896 2.31584 23.5675 8.12369 1 0 0 0 1 0 0 0 1 0
-12.7714 28.7413 -29.4859 7.97366 1 0 0 0 1 0 0 0 1 0
0.720056 7.64633 -12.7424 8.44088 1 0 0 0 1 0 0 0 1 0
5.52801 -15.8942 -36.8697 8.35986 1 0 0 0 1 0 0 0 1 0
-13.6656 -21.3617 -41.4083 8.19635 1 0 0 0 1 0 0 0 1 0
-5.85002 -0.357232 7.33624 8.25579 1 0 0 0 1 0 0 0 1 0
19.8994 27.9161 57.9158 8.29494 1 0 0 0 1 0 0 0 1 0
13.2908 -28.4581 -60.2565 7.69744 1 0 0 0 1 0 0 0 1 0
3.84549 0.560954 -25.6455 8.24758 1 0 0 0 1 0 0 0 1 0
4.77392 -0.747079 -85.4685 8.48537 1 0 0 0 1 0 0 0 1 0
29.9181 4.35135 -42.1452 8.05055 1 0 0 0 1 0 0 0 1 0
-28.7312 -11.1152 -51.6391 7.57379 1 0 0 0 1 0 0 0 1 0
-0.355139 2.00575 68.0393 7.76469 1 0 0 0 1 0 0 0 1 0
27.6606 25.8467 -69.149 8.40873 1 0 0 0 1 0 0 0 1 0
-17.5203 17.4742 62.6612 8.387 1 0 0 0 1 0 0 0 1 0
-8.39168 9.64933 -7.61322 7.63563 1 0 0 0 1 0 0 0 1 0
2.5019 23.9864 1.05999 8.15686 1 0 0 0 1 0 0 0 1 0
-5.10219 -27.8347 34.6711 8.37534 1 0 0 0 1 0 0 0 1 0
-16.0604 0.058415 48.3865 8.22964 1 0 0 0 1 0 0 0 1 0
4.16225 1.83789 72.6112 7.71139 1 0 0 0 1 0 0 0 1 0
-7.68947 12.0032 -36.2244 7.51937 1 0 0 0 1 0 0 0 1 0
9.66635 -22.3122 79.1064 7.59343 1 0 0 0 1 0 0 0 1 0
27.0389 -1.05984 -92.1537 7.91733 1 0 0 0 1 0 0 0 1 0
13.1927 -33.8415 83.8119 8.49884 1 0 0 0 1 0 0 0 1 0
-30.1366 15.2811 71.3447 8.34617 1 0 0 0 1 0 0 0 1 0
1.54913 -2.49348 67.8811 8.19626 1 0 0 0 1 0 0 0 1 0
-8.82391 4.85048 65.8492 7.61386 1 0 0 0 1 0 0 0 1 0
-8.64491 -13.7169 44.9587 8.00273 1 0 0 0 1 0 0 0 1 0
-23.1598 10.4867 -69.0796 8.26111 1 0 0 0 1 0 0 0 1 0
6.77201 11.3347 -39.0663 7.63648 1 0 0 0 1 0 0 0 1 0
14.7259 -25.6137 -6.03823 8.01035 1 0 0 0 1 0 0 0 1 0
5.32751 9.3538 67.8586 8.4688 1 0 0 0 1 0 0 0 1 0
-6.12046 18.8895 77.4863 7.71553 1 0 0 0 1 0 0 0 1 0
10.9706 -31.1677 -75.7749 8.33129 1 0 0 0 1 0 0 0 1 0
3.50454 3.69523 18.2653 8.47469 1 0 0 0 1 0 0 0 1 0
8.14329 -6.40076 65.8116 7.68918 1 0 0 0 1 0 0 0 1 0
-4.00525 -18.6031 -79.3769 7.69994 1 0 0 0 1 0 0 0 1 0
-18.6501 -1.08109 -51.3539 7.77967 1 0 0 0 1 0 0 0 1 0
-6.58265 -14.6825 -69.568 7.72622 1 0 0 0 1 0 0 0 1 0
9.51655 -10.816 -79.1234 8.41873 1 0 0 0 1 0 0 0 1 0
-16.0011 18.4407 76.762 7.63143 1 0 0 0 1 0 0 0 1 0
8.9555 -33.6217 5.23074 7.50743 1 0 0 0 1 0 0 0 1 0
-15.4149 -7.85344 49.8791 8.14828 1 0 0 0 1 0 0 0 1 0
6.99498 -3.54928 -86.0883 7.84455 1 0 0 0 1 0 0 0 1 0
-3.2165 -7.627 -58.5883 8.39176 1 0 0 0 1 0 0 0 1 0
-20.8823 19.3696 61.4467 8.35211 1 0 0 0 1 0 0 0 1 0
8.54622 7.07865 53.3372 7.83086 1 0 0 0 1 0 0 0 1 0
-17.2378 6.35982 -19.7533 8.31205 1 0 0 0 1 0 0 0 1 0
-25.3831 -24.0143 22.9923 8.28331 1 0 0 0 1 0 0 0 1 0
17.0272 4.84854 79.462 8.14059 1 0 0 0 1 0 0 0 1 0
8.87072 1.75825 -81.1331 7.96437 1 0 0 0 1 0 0 0 1 0
1.66054 -11.5164 -86.7002 8.34119 1 0 0 0 1 0 0 0 1 0
-10.8346 4.79357 32.7479 7.57839 1 0 0 0 1 0 0 0 1 0
-29.4573 0.88622 25.1301 8.38717 1 0 0 0 1 0 0 0 1 0
-23.4728 2.11572 28.1472 7.87134 1 0 0 0 1 0 0 0 1 0
-26.5315 -4.07288 -62.2349 8.41375 1 0 0 0 1 0 0 0 1 0
-20.5445 29.3842 70.8628 7.50921 1 0 0 0 1 0 0 0 1 0
-28.015 1.80505 57.1964 7.66901 1 0 0 0 1 0 0 0 1 0
-10.6113 13.9371 -89.4009 8.08328 1 0 0 0 1 0 0 0 1 0
-18.3211 32.3902 32.9617 7.50119 1 0 0 0 1 0 0 0 1 0
-15.0494 11.2822 -88.193 7.78436 1 0 0 0 1 0 0 0 1 0
-33.1175 -16.2532 36.5417 7.98351 1 0 0 0 1 0 0 0 1 0
-2.19424 -0.24223 -16.0607 7.62722 1 0 0 0 1 0 0 0 1 0
-2.15802 29.5043 60.2077 7.82063 1 0 0 0 1 0 0 0 1 0
29.3644 -11.7594 35.5832 7.86617 1 0 0 0 1 0 0 0 1 0
-2.40837 4.91698 -22.0524 8.49714 1 0 0 0 1 0 0 0 1 0
-5.17975 2.02189 21.6305 8.20067 1 0 0 0 1 0 0 0 1 0
8.95549 3.03388 -75.4962 7.75084 1 0 0 0 1 0 0 0 1 0
2.57365 -1.77896 92.6841 7.75268 1 0 0 0 1 0 0 0 1 0
12.8477 -14.3064 46.9199 7.55764 1 0 0 0 1 0 0 0 1 0
-26.4146 -19.8425 29.6425 8.2309 1 0 0 0 1 0 0 0 1 0
-20.3567 22.9918 -6.51392 8.29179 1 0 0 0 1 0 0 0 1 0
-7.61099 2.52463 -9.75532 8.16523 1 0 0 0 1 0 0 0 1 0
17.3983 14.5399 -44.4102 7.83637 1 0 0 0 1 0 0 0 1 0
10.3089 -24.1592 -76.3674 7.53204 1 0 0 0 1 0 0 0 1 0
26.7463 -10.2118 39.0363 8.47591 1 0 0 0 1 0 0 0 1 0
6.83372 25.6793 36.5822 8.22466 1 0 0 0 1 0 0 0 1 0
7.25074 -0.696045 69.1714 7.82367 1 0 0 0 1 0 0 0 1 0
0.440234 -7.61023 -18.1321 8.15109 1 0 0 0 1 0 0 0 1 0
-32.7504 -0.331084 64.6116 7.64899 1 0 0 0 1 0 0 0 1 0
-13.4348 -27.8386 -88.3067 7.55223 1 0 0 0 1 0 0 0 1 0
10.1041 8.30761 -4.68336 8.28793 1 0 0 0 1 0 0 0 1 0
-15.9633 -4.65853 -30.759 8.4518 1 0 0 0 1 0 0 0 1 0
10.2521 -32.5188 -23.4351 8.3259 1 0 0 0 1 0 0 0 1 0
18.7574 -12.3869 93.5822 7.69464 1 0 0 0 1 0 0 0 1 0
4.97948 -27.4294 -64.2333 7.83805 1 0 0 0 1 0 0 0 1 0
-16.937 -10.1541 -0.978655 7.76154 1 0 0 0 1 0 0 0 1 0
20.1337 -9.26304 -9.64898 7.84621 1 0 0 0 1 0 0 0 1 0
6.50046 -21.0972 5.55205 7.67649 1 0 0 0 1 0 0 0 1 0
-21.5528 -25.3682 75.1258 7.91086 1 0 0 0 1 0 0 0 1 0
-11.7724 -13.0898 -47.6941 8.4 1 0 0 0 1 0 0 0 1 0
-36.966 -0.650362 49.9786 8.33642 1 0 0 0 1 0 0 0 1 0
3.79746 -27.5208 65.459 8.19658 1 0 0 0 1 0 0 0 1 0
0.412749 -4.63622 16.6841 7.86337 1 0 0 0 1 0 0 0 1 0
-9.7329 9.94931 -74.7805 7.74228 1 0 0 0 1 0 0 0 1 0
-12.9647 -4.36433 33.3245 7.74257 1 0 0 0 1 0 0 0 1 0
-14.2971 7.43071 -13.1858 7.61866 1 0 0 0 1 0 0 0 1 0
-9.3391 19.4211 -53.8367 8.02246 1 0 0 0 1 0 0 0 1 0
25.8456 -27.791 -23.0678 7.78762 1 0 0 0 1 0 0 0 1 0
-2.35563 -17.1998 -23.5034 7.81591 1 0 0 0 1 0 0 0 1 0
-9.22929 -4.12805 -50.7948 8.18068 1 0 0 0 1 0 0 0 1 0
-22.8256 4.34729 14.5047 8.07218 1 0 0 0 1 0 0 0 1 0
-10.5181 -34.8679 81.0118 8.29388 1 0 0 0 1 0 0 0 1 0
6.02283 5.06335 30.584 8.43821 1 0 0 0 1 0 0 0 1 0
-4.4937 -3.61666 72.2291 8.4738 1 0 0 0 1 0 0 0 1 0
19.5411 20.2349 85.8254 8.39081 1 0 0 0 1 0 0 0 1 0
-2.48836 -32.9873 40.8039 8.20965 1 0 0 0 1 0 0 0 1 0
11.6785 21.3311 -24.9391 8.25057 1 0 0 0 1 0 0 0 1 0
27.5409 -2.32878 76.1058 8.09709 1 0 0 0 1 0 0 0 1 0
-22.2171 24.8899 81.9507 7.61373 1 0 0 0 1 0 0 0 1 0
27.711 14.266 23.5156 7.583 1 0 0 0 1 0 0 0 1 0
7.3832 -4.98391 3.90368 7.6874 1 0 0 0 1 0 0 0 1 0
-10.5671 -0.730263 -88.7273 7.59987 1 0 0 0 1 0 0 0 1 0
-9.15049 19.4776 -75.0687 7.98874 1 0 0 0 1 0 0 0 1 0
-1.30093 -28.5569 38.1751 8.27303 1 0 0 0 1 0 0 0 1 0
-14.156 20.4501 -89.6617 7.89795 1 0 0 0 1 0 0 0 1 0
22.5913 -12.5455 45.8437 7.57228 1 0 0 0 1 0 0 0 1 0
-16.8634 -6.36917 89.917 7.77548 1 0 0 0 1 0 0 0 1 0
1.84812 4.63103 56.2178 8.306 1 0 0 0 1 0 0 0 1 0
9.99527 -27.2206 -9.99831 7.59518 1 0 0 0 1 0 0 0 1 0
-0.818186 -12.521 -28.0495 8.28337 1 0 0 0 1 0 0 0 1 0
-6.6045 -27.1867 -92.6004 8.14207 1 0 0 0 1 0 0 0 1 0
-8.1696 -30.4535 15.7584 7.7355 1 0 0 0 1 0 0 0 1 0
6.99842 8.53699 -24.1401 8.43234 1 0 0 0 1 0 0 0 1 0
-1.23566 36.587 -73.4591 8.16193 1 0 0 0 1 0 0 0 1 0
-24.6577 0.2776 -10.3375 8.31766 1 0 0 0 1 0 0 0 1 0
5.24987 6.3736 88.6829 7.87015 1 0 0 0 1 0 0 0 1 0
-10.7265 -5.86873 -67.1343 7.60241 1 0 0 0 1 0 0 0 1 0
-0.323117 -11.7204 21.5751 8.10712 1 0 0 0 1 0 0 0 1 0
-13.4821 26.4439 49.5788 7.95528 1 0 0 0 1 0 0 0 1 0
3.34312 31.995 4.30549 8.43456 1 0 0 0 1 0 0 0 1 0
-13.5939 28.2326 40.2286 8.21503 1 0 0 0 1 0 0 0 1 0
-16.8142 18.4666 -40.3049 8.22801 1 0 0 0 1 0 0 0 1 0
-2.05843 2.12146 -30.076 7.53564 1 0 0 0 1 0 0 0 1 0
18.7367 -5.49724 -37.0722 8.05401 1 0 0 0 1 0 0 0 1 0
17.8847 10.9658 4.72691 7.54634 1 0 0 0 1 0 0 0 1 0
8.59679 5.14218 7.52403 7.66763 1 0 0 0 1 0 0 0 1 0
9.14186 14.86 -94.5445 7.5718 1 0 0 0 1 0 0 0 1 0
18.8864 20.2043 78.3835 8.05878 1 0 0 0 1 0 0 0 1 0
9.07524 -5.90152 65.6819 7.93358 1 0 0 0 1 0 0 0 1 0
-1.28069 -35.2853 11.4841 8.39238 1 0 0 0 1 0 0 0 1 0
19.9993 5.59553 -0.681411 8.10468 1 0 0 0 1 0 0 0 1 0
-0.00116471 -4.73514 79.7881 8.29968 1 0 0 0 1 0 0 0 1 0
0.560502 19.9408 -21.1807 8.0372 1 0 0 0 1 0 0 0 1 0
7.23648 -27.5803 92.9372 7.50146 1 0 0 0 1 0 0 0 1 0
19.7447 -3.64553 -21.1386 8.17948 1 0 0 0 1 0 0 0 1 0
-0.562266 2.4772 94.8213 7.97837 1 0 0 0 1 0 0 0 1 0
4.77257 -24.6973 -32.7608 7.64651 1 0 0 0 1 0 0 0 1 0
23.2293 3.07943 69.5515 7.75887 1 0 0 0 1 0 0 0 1 0
-33.4631 -1.11081 -62.8445 7.71945 1 0 0 0 1 0 0 0 1 0
-4.05312 19.2934 13.165 8.36508 1 0 0 0 1 0 0 0 1 0
-11.4187 25.3434 -47.9419 8.04225 1 0 0 0 1 0 0 0 1 0
-27.194 -5.63781 -17.5071 7.62309 1 0 0 0 1 0 0 0 1 0
15.4457 -22.888 68.5543 7.73697 1 0 0 0 1 0 0 0 1 0
13.5491 -17.9777 11.3891 7.91319 1 0 0 0 1 0 0 0 1 0
25.948 15.5164 -2.62166 7.7464 1 0 0 0 1 0 0 0 1 0
5.18395 -36.0843 -86.2574 8.07219 1 0 0 0 1 0 0 0 1 0
13.7272 22.6018 -16.1873 8.47575 1 0 0 0 1 0 0 0 1 0
9.43652 -5.68672 82.1628 8.39988 1 0 0 0 1 0 0 0 1 0
29.6253 -10.4089 24.3295 7.6493 1 0 0 0 1 0 0 0 1 0
-16.4003 -21.0661 -10.2485 7.60512 1 0 0 0 1 0 0 0 1 0
-5.49271 -0.470383 32.0518 8.24127 1 0 0 0 1 0 0 0 1 0
9.96204 2.98369 -14.4968 7.7718 1 0 0 0 1 0 0 0 1 0
-17.3715 -5.25071 -38.2204 7.64308 1 0 0 0 1 0 0 0 1 0
8.65054 13.7873 20.5471 7.52764 1 0 0 0 1 0 0 0 1 0
-22.1714 -16.7391 -40.4339 7.51656 1 0 0 0 1 0 0 0 1 0
21.7556 5.45001 -26.1846 8.29955 1 0 0 0 1 0 0 0 1 0
0.0619565 -2.78681 64.8284 7.92987 1 0 0 0 1 0 0 0 1 0
4.31228 3.75882 54.793 8.21575 1 0 0 0 1 0 0 0 1 0
-33.5538 5.48969 -71.4923 8.04035 1 0 0 0 1 0 0 0 1 0
-17.2516 21.7096 -79.2729 8.2777 1 0 0 0 1 0 0 0 1 0
7.67994 -35.4893 88.3003 7.52504 1 0 0 0 1 0 0 0 1 0
3.7809 -20.4467 -10.3467 7.58157 1 0 0 0 1 0 0 0 1 0
21.7466 1.90374 -52.3206 7.85875 1 0 0 0 1 0 0 0 1 0
21.1459 0.191002 -61.6852 7.55243 1 0 0 0 1 0 0 0 1 0
-11.5583 -28.5368 51.0237 8.2919 1 0 0 0 1 0 0 0 1 0
3.48099 0.551018 -39.5561 8.05236 1 0 0 0 1 0 0 0 1 0
16.655 9.01177 -20.3196 8.18922 1 0 0 0 1 0 0 0 1 0
1.56003 3.65183 45.5305 8.41254 1 0 0 0 1 0 0 0 1 0
26.9561 1.69701 94.9876 7.81426 1 0 0 0 1 0 0 0 1 0
2.76296 -1.54931 -82.573 8.22078 1 0 0 0 1 0 0 0 1 0
9.88824 12.1709 -49.5263 7.92241 1 0 0 0 1 0 0 0 1 0
-14.6444 -12.1264 -76.7793 7.7674 1 0 0 0 1 0 0 0 1 0
17.6296 8.9621 7.63506 8.46656 1 0 0 0 1 0 0 0 1 0
-4.02648 -0.0574651 -42.9378 7.66581 1 0 0 0 1 0 0 0 1 0
-6.2379 6.10561 72.2068 7.51736 1 0 0 0 1 0 0 0 1 0
-5.8903 -2.89497 83.2197 8.45736 1 0 0 0 1 0 0 0 1 0
18.4188 4.70448 90.1024 8.24295 1 0 0 0 1 0 0 0 1 0
-14.0163 21.3539 13.687 8.1863 1 0 0 0 1 0 0 0 1 0
-14.5421 -0.40514 67.4085 8.34895 1 0 0 0 1 0 0 0 1 0
0.449246 -22.2244 70.1664 8.19555 1 0 0 0 1 0 0 0 1 0
14.8475 11.5458 -29.1979 8.49979 1 0 0 0 1 0 0 0 1 0
16.9306 12.9928 -90.4979 8.30756 1 0 0 0 1 0 0 0 1 0
13.4431 -4.14664 42.7178 7.66462 1 0 0 0 1 0 0 0 1 0
-3.24685 19.372 -20.8981 8.02621 1 0 0 0 1 0 0 0 1 0
10.6809 -1.65429 -64.5035 8.34972 1 0 0 0 1 0 0 0 1 0
